第一轮：
11111111111111110110101001011110
11111111111111110110101001011111
11111111111111110110101001100000
11111111111111110110101001100001
11111111111111110110101001100010
11111111111111110110101001100011
11111111111111110110101001100100
11111111111111110110101001100101
11111111111111110110101001100110
11111111111111110110101001100111
00000000000001001100101110000100
00000000000001001100101110000101
00000000000001001100101110000110
00000000000001001100101110000111
00000000000001001100101110001000
00000000000001001100101110001001
00000000000001001100101110001010
00000000000001001100101110001011
00000000000001001100101110001100
00000000000001001100101110001101
11111111111111101000100100000111
11111111111111101000100100001000
11111111111111101000100100001001
11111111111111101000100100001010
11111111111111101000100100001011
11111111111111101000100100001100
11111111111111101000100100001101
11111111111111101000100100001110
11111111111111101000100100001111
11111111111111101000100100010000
11111111111110110001011000100000
11111111111110110001011000100001
11111111111110110001011000100010
11111111111110110001011000100011
11111111111110110001011000100100
11111111111110110001011000100101
11111111111110110001011000100110
11111111111110110001011000100111
11111111111110110001011000101000
11111111111110110001011000101001
00000000000000100011011101101001
00000000000000100011011101101010
00000000000000100011011101101011
00000000000000100011011101101100
00000000000000100011011101101101
00000000000000100011011101101110
00000000000000100011011101101111
00000000000000100011011101110000
00000000000000100011011101110001
00000000000000100011011101110010
11111111111111100110101001000100
11111111111111100110101001000101
11111111111111100110101001000110
11111111111111100110101001000111
11111111111111100110101001001000
11111111111111100110101001001001
11111111111111100110101001001010
11111111111111100110101001001011
11111111111111100110101001001100
11111111111111100110101001001101
11111111111110001110011111010010
11111111111110001110011111010011
11111111111110001110011111010100
11111111111110001110011111010101
11111111111110001110011111010110
11111111111110001110011111010111
11111111111110001110011111011000
11111111111110001110011111011001
11111111111110001110011111011010
11111111111110001110011111011011
11111111111110111010100010001101
11111111111110111010100010001110
11111111111110111010100010001111
11111111111110111010100010010000
11111111111110111010100010010001
11111111111110111010100010010010
11111111111110111010100010010011
11111111111110111010100010010100
11111111111110111010100010010101
11111111111110111010100010010110
11111111111111001011011110010101
11111111111111001011011110010110
11111111111111001011011110010111
11111111111111001011011110011000
11111111111111001011011110011001
11111111111111001011011110011010
11111111111111001011011110011011
11111111111111001011011110011100
11111111111111001011011110011101
11111111111111001011011110011110
11111111111110011101011000111100
11111111111110011101011000111101
11111111111110011101011000111110
11111111111110011101011000111111
11111111111110011101011001000000
11111111111110011101011001000001
11111111111110011101011001000010
11111111111110011101011001000011
11111111111110011101011001000100
11111111111110011101011001000101
00000000000001111011111110011001
00000000000001111011111110011010
00000000000001111011111110011011
00000000000001111011111110011100
00000000000001111011111110011101
00000000000001111011111110011110
00000000000001111011111110011111
00000000000001111011111110100000
00000000000001111011111110100001
00000000000001111011111110100010
00000000000001000001001010001001
00000000000001000001001010001010
00000000000001000001001010001011
00000000000001000001001010001100
00000000000001000001001010001101
00000000000001000001001010001110
00000000000001000001001010001111
00000000000001000001001010010000
00000000000001000001001010010001
00000000000001000001001010010010
00000000000001110101100000101000
00000000000001110101100000101001
00000000000001110101100000101010
00000000000001110101100000101011
00000000000001110101100000101100
00000000000001110101100000101101
00000000000001110101100000101110
00000000000001110101100000101111
00000000000001110101100000110000
00000000000001110101100000110001
00000000000000100001101010110011
00000000000000100001101010110100
00000000000000100001101010110101
00000000000000100001101010110110
00000000000000100001101010110111
00000000000000100001101010111000
00000000000000100001101010111001
00000000000000100001101010111010
00000000000000100001101010111011
00000000000000100001101010111100
00000000000000000101010001011100
00000000000000000101010001011101
00000000000000000101010001011110
00000000000000000101010001011111
00000000000000000101010001100000
00000000000000000101010001100001
00000000000000000101010001100010
00000000000000000101010001100011
00000000000000000101010001100100
00000000000000000101010001100101
00000000000000100111110100100011
00000000000000100111110100100100
00000000000000100111110100100101
00000000000000100111110100100110
00000000000000100111110100100111
00000000000000100111110100101000
00000000000000100111110100101001
00000000000000100111110100101010
00000000000000100111110100101011
00000000000000100111110100101100
00000000000000110111100000010010
00000000000000110111100000010011
00000000000000110111100000010100
00000000000000110111100000010101
00000000000000110111100000010110
00000000000000110111100000010111
00000000000000110111100000011000
00000000000000110111100000011001
00000000000000110111100000011010
00000000000000110111100000011011
11111111111110100110001110110101
11111111111110100110001110110110
11111111111110100110001110110111
11111111111110100110001110111000
11111111111110100110001110111001
11111111111110100110001110111010
11111111111110100110001110111011
11111111111110100110001110111100
11111111111110100110001110111101
11111111111110100110001110111110
11111111111110101010111000011100
11111111111110101010111000011101
11111111111110101010111000011110
11111111111110101010111000011111
11111111111110101010111000100000
11111111111110101010111000100001
11111111111110101010111000100010
11111111111110101010111000100011
11111111111110101010111000100100
11111111111110101010111000100101
11111111111110001001011000011110
11111111111110001001011000011111
11111111111110001001011000100000
11111111111110001001011000100001
11111111111110001001011000100010
11111111111110001001011000100011
11111111111110001001011000100100
11111111111110001001011000100101
11111111111110001001011000100110
11111111111110001001011000100111
00000000000000100100000010110110
00000000000000100100000010110111
00000000000000100100000010111000
00000000000000100100000010111001
00000000000000100100000010111010
00000000000000100100000010111011
00000000000000100100000010111100
00000000000000100100000010111101
00000000000000100100000010111110
00000000000000100100000010111111
00000000000001010001101000000101
00000000000001010001101000000110
00000000000001010001101000000111
00000000000001010001101000001000
00000000000001010001101000001001
00000000000001010001101000001010
00000000000001010001101000001011
00000000000001010001101000001100
00000000000001010001101000001101
00000000000001010001101000001110
11111111111110011001100110101010
11111111111110011001100110101011
11111111111110011001100110101100
11111111111110011001100110101101
11111111111110011001100110101110
11111111111110011001100110101111
11111111111110011001100110110000
11111111111110011001100110110001
11111111111110011001100110110010
11111111111110011001100110110011
11111111111111010001010001110001
11111111111111010001010001110010
11111111111111010001010001110011
11111111111111010001010001110100
11111111111111010001010001110101
11111111111111010001010001110110
11111111111111010001010001110111
11111111111111010001010001111000
11111111111111010001010001111001
11111111111111010001010001111010
00000000000000001100111000101101
00000000000000001100111000101110
00000000000000001100111000101111
00000000000000001100111000110000
00000000000000001100111000110001
00000000000000001100111000110010
00000000000000001100111000110011
00000000000000001100111000110100
00000000000000001100111000110101
00000000000000001100111000110110
00000000000000000101000000011000
00000000000000000101000000011001
00000000000000000101000000011010
00000000000000000101000000011011
00000000000000000101000000011100
00000000000000000101000000011101
00000000000000000101000000011110
00000000000000000101000000011111
00000000000000000101000000100000
00000000000000000101000000100001
11111111111110010111100011001101
11111111111110010111100011001110
11111111111110010111100011001111
11111111111110010111100011010000
11111111111110010111100011010001
11111111111110010111100011010010
11111111111110010111100011010011
11111111111110010111100011010100
11111111111110010111100011010101
11111111111110010111100011010110
11111111111110011000110100010000
11111111111110011000110100010001
11111111111110011000110100010010
11111111111110011000110100010011
11111111111110011000110100010100
11111111111110011000110100010101
11111111111110011000110100010110
11111111111110011000110100010111
11111111111110011000110100011000
11111111111110011000110100011001
11111111111110010010011111001110
11111111111110010010011111001111
11111111111110010010011111010000
11111111111110010010011111010001
11111111111110010010011111010010
11111111111110010010011111010011
11111111111110010010011111010100
11111111111110010010011111010101
11111111111110010010011111010110
11111111111110010010011111010111
11111111111110010111111000000101
11111111111110010111111000000110
11111111111110010111111000000111
11111111111110010111111000001000
11111111111110010111111000001001
11111111111110010111111000001010
11111111111110010111111000001011
11111111111110010111111000001100
11111111111110010111111000001101
11111111111110010111111000001110
00000000000000000110001010100010
00000000000000000110001010100011
00000000000000000110001010100100
00000000000000000110001010100101
00000000000000000110001010100110
00000000000000000110001010100111
00000000000000000110001010101000
00000000000000000110001010101001
00000000000000000110001010101010
00000000000000000110001010101011
00000000000000010001011010011100
00000000000000010001011010011101
00000000000000010001011010011110
00000000000000010001011010011111
00000000000000010001011010100000
00000000000000010001011010100001
00000000000000010001011010100010
00000000000000010001011010100011
00000000000000010001011010100100
00000000000000010001011010100101
00000000000001011000100100101100
00000000000001011000100100101101
00000000000001011000100100101110
00000000000001011000100100101111
00000000000001011000100100110000
00000000000001011000100100110001
00000000000001011000100100110010
00000000000001011000100100110011
00000000000001011000100100110100
00000000000001011000100100110101
11111111111111110000111010010011
11111111111111110000111010010100
11111111111111110000111010010101
11111111111111110000111010010110
11111111111111110000111010010111
11111111111111110000111010011000
11111111111111110000111010011001
11111111111111110000111010011010
11111111111111110000111010011011
11111111111111110000111010011100
11111111111111101001010010011000
11111111111111101001010010011001
11111111111111101001010010011010
11111111111111101001010010011011
11111111111111101001010010011100
11111111111111101001010010011101
11111111111111101001010010011110
11111111111111101001010010011111
11111111111111101001010010100000
11111111111111101001010010100001
11111111111111011011111011100111
11111111111111011011111011101000
11111111111111011011111011101001
11111111111111011011111011101010
11111111111111011011111011101011
11111111111111011011111011101100
11111111111111011011111011101101
11111111111111011011111011101110
11111111111111011011111011101111
11111111111111011011111011110000
11111111111110000111100110100111
11111111111110000111100110101000
11111111111110000111100110101001
11111111111110000111100110101010
11111111111110000111100110101011
11111111111110000111100110101100
11111111111110000111100110101101
11111111111110000111100110101110
11111111111110000111100110101111
11111111111110000111100110110000
11111111111111111011101101111111
11111111111111111011101110000000
11111111111111111011101110000001
11111111111111111011101110000010
11111111111111111011101110000011
11111111111111111011101110000100
11111111111111111011101110000101
11111111111111111011101110000110
11111111111111111011101110000111
11111111111111111011101110001000
00000000000001000011001011011011
00000000000001000011001011011100
00000000000001000011001011011101
00000000000001000011001011011110
00000000000001000011001011011111
00000000000001000011001011100000
00000000000001000011001011100001
00000000000001000011001011100010
00000000000001000011001011100011
00000000000001000011001011100100
00000000000001001100111010110111
00000000000001001100111010111000
00000000000001001100111010111001
00000000000001001100111010111010
00000000000001001100111010111011
00000000000001001100111010111100
00000000000001001100111010111101
00000000000001001100111010111110
00000000000001001100111010111111
00000000000001001100111011000000
11111111111111101011010111100110
11111111111111101011010111100111
11111111111111101011010111101000
11111111111111101011010111101001
11111111111111101011010111101010
11111111111111101011010111101011
11111111111111101011010111101100
11111111111111101011010111101101
11111111111111101011010111101110
11111111111111101011010111101111
11111111111110010011100111000101
11111111111110010011100111000110
11111111111110010011100111000111
11111111111110010011100111001000
11111111111110010011100111001001
11111111111110010011100111001010
11111111111110010011100111001011
11111111111110010011100111001100
11111111111110010011100111001101
11111111111110010011100111001110
00000000000000100101100001100011
00000000000000100101100001100100
00000000000000100101100001100101
00000000000000100101100001100110
00000000000000100101100001100111
00000000000000100101100001101000
00000000000000100101100001101001
00000000000000100101100001101010
00000000000000100101100001101011
00000000000000100101100001101100
11111111111110011101111001111101
11111111111110011101111001111110
11111111111110011101111001111111
11111111111110011101111010000000
11111111111110011101111010000001
11111111111110011101111010000010
11111111111110011101111010000011
11111111111110011101111010000100
11111111111110011101111010000101
11111111111110011101111010000110
11111111111110100110011110010000
11111111111110100110011110010001
11111111111110100110011110010010
11111111111110100110011110010011
11111111111110100110011110010100
11111111111110100110011110010101
11111111111110100110011110010110
11111111111110100110011110010111
11111111111110100110011110011000
11111111111110100110011110011001
00000000000000111011011001111111
00000000000000111011011010000000
00000000000000111011011010000001
00000000000000111011011010000010
00000000000000111011011010000011
00000000000000111011011010000100
00000000000000111011011010000101
00000000000000111011011010000110
00000000000000111011011010000111
00000000000000111011011010001000
11111111111110101111011111000110
11111111111110101111011111000111
11111111111110101111011111001000
11111111111110101111011111001001
11111111111110101111011111001010
11111111111110101111011111001011
11111111111110101111011111001100
11111111111110101111011111001101
11111111111110101111011111001110
11111111111110101111011111001111
00000000000000101011101100100111
00000000000000101011101100101000
00000000000000101011101100101001
00000000000000101011101100101010
00000000000000101011101100101011
00000000000000101011101100101100
00000000000000101011101100101101
00000000000000101011101100101110
00000000000000101011101100101111
00000000000000101011101100110000
00000000000001111010111001011111
00000000000001111010111001100000
00000000000001111010111001100001
00000000000001111010111001100010
00000000000001111010111001100011
00000000000001111010111001100100
00000000000001111010111001100101
00000000000001111010111001100110
00000000000001111010111001100111
00000000000001111010111001101000
00000000000000100010001101010000
00000000000000100010001101010001
00000000000000100010001101010010
00000000000000100010001101010011
00000000000000100010001101010100
00000000000000100010001101010101
00000000000000100010001101010110
00000000000000100010001101010111
00000000000000100010001101011000
00000000000000100010001101011001
第二轮：
00000000000000000111011011111010
00000000000000000111011011111011
00000000000000000111011011111100
00000000000000000111011011111101
00000000000000000111011011111110
00000000000000000111011011111111
00000000000000000111011100000000
00000000000000000111011100000001
00000000000000000111011100000010
00000000000000000111011100000011
11111111111110000101111111010000
11111111111110000101111111010001
11111111111110000101111111010010
11111111111110000101111111010011
11111111111110000101111111010100
11111111111110000101111111010101
11111111111110000101111111010110
11111111111110000101111111010111
11111111111110000101111111011000
11111111111110000101111111011001
00000000000001010111101110001110
00000000000001010111101110001111
00000000000001010111101110010000
00000000000001010111101110010001
00000000000001010111101110010010
00000000000001010111101110010011
00000000000001010111101110010100
00000000000001010111101110010101
00000000000001010111101110010110
00000000000001010111101110010111
11111111111111111001111100001000
11111111111111111001111100001001
11111111111111111001111100001010
11111111111111111001111100001011
11111111111111111001111100001100
11111111111111111001111100001101
11111111111111111001111100001110
11111111111111111001111100001111
11111111111111111001111100010000
11111111111111111001111100010001
11111111111110110010100111100101
11111111111110110010100111100110
11111111111110110010100111100111
11111111111110110010100111101000
11111111111110110010100111101001
11111111111110110010100111101010
11111111111110110010100111101011
11111111111110110010100111101100
11111111111110110010100111101101
11111111111110110010100111101110
11111111111110000001101110100101
11111111111110000001101110100110
11111111111110000001101110100111
11111111111110000001101110101000
11111111111110000001101110101001
11111111111110000001101110101010
11111111111110000001101110101011
11111111111110000001101110101100
11111111111110000001101110101101
11111111111110000001101110101110
11111111111110000011111010011111
11111111111110000011111010100000
11111111111110000011111010100001
11111111111110000011111010100010
11111111111110000011111010100011
11111111111110000011111010100100
11111111111110000011111010100101
11111111111110000011111010100110
11111111111110000011111010100111
11111111111110000011111010101000
00000000000000100010101100001110
00000000000000100010101100001111
00000000000000100010101100010000
00000000000000100010101100010001
00000000000000100010101100010010
00000000000000100010101100010011
00000000000000100010101100010100
00000000000000100010101100010101
00000000000000100010101100010110
00000000000000100010101100010111
11111111111111001001110001101110
11111111111111001001110001101111
11111111111111001001110001110000
11111111111111001001110001110001
11111111111111001001110001110010
11111111111111001001110001110011
11111111111111001001110001110100
11111111111111001001110001110101
11111111111111001001110001110110
11111111111111001001110001110111
00000000000001011011111101010000
00000000000001011011111101010001
00000000000001011011111101010010
00000000000001011011111101010011
00000000000001011011111101010100
00000000000001011011111101010101
00000000000001011011111101010110
00000000000001011011111101010111
00000000000001011011111101011000
00000000000001011011111101011001
00000000000001100111101111010010
00000000000001100111101111010011
00000000000001100111101111010100
00000000000001100111101111010101
00000000000001100111101111010110
00000000000001100111101111010111
00000000000001100111101111011000
00000000000001100111101111011001
00000000000001100111101111011010
00000000000001100111101111011011
00000000000001000010110110110000
00000000000001000010110110110001
00000000000001000010110110110010
00000000000001000010110110110011
00000000000001000010110110110100
00000000000001000010110110110101
00000000000001000010110110110110
00000000000001000010110110110111
00000000000001000010110110111000
00000000000001000010110110111001
00000000000000111000000010101111
00000000000000111000000010110000
00000000000000111000000010110001
00000000000000111000000010110010
00000000000000111000000010110011
00000000000000111000000010110100
00000000000000111000000010110101
00000000000000111000000010110110
00000000000000111000000010110111
00000000000000111000000010111000
00000000000000001001010100100010
00000000000000001001010100100011
00000000000000001001010100100100
00000000000000001001010100100101
00000000000000001001010100100110
00000000000000001001010100100111
00000000000000001001010100101000
00000000000000001001010100101001
00000000000000001001010100101010
00000000000000001001010100101011
11111111111110010111101111111000
11111111111110010111101111111001
11111111111110010111101111111010
11111111111110010111101111111011
11111111111110010111101111111100
11111111111110010111101111111101
11111111111110010111101111111110
11111111111110010111101111111111
11111111111110010111110000000000
11111111111110010111110000000001
00000000000000010100101110010010
00000000000000010100101110010011
00000000000000010100101110010100
00000000000000010100101110010101
00000000000000010100101110010110
00000000000000010100101110010111
00000000000000010100101110011000
00000000000000010100101110011001
00000000000000010100101110011010
00000000000000010100101110011011
11111111111110000101110000110100
11111111111110000101110000110101
11111111111110000101110000110110
11111111111110000101110000110111
11111111111110000101110000111000
11111111111110000101110000111001
11111111111110000101110000111010
11111111111110000101110000111011
11111111111110000101110000111100
11111111111110000101110000111101
00000000000001100111001011110110
00000000000001100111001011110111
00000000000001100111001011111000
00000000000001100111001011111001
00000000000001100111001011111010
00000000000001100111001011111011
00000000000001100111001011111100
00000000000001100111001011111101
00000000000001100111001011111110
00000000000001100111001011111111
11111111111110000001000101010111
11111111111110000001000101011000
11111111111110000001000101011001
11111111111110000001000101011010
11111111111110000001000101011011
11111111111110000001000101011100
11111111111110000001000101011101
11111111111110000001000101011110
11111111111110000001000101011111
11111111111110000001000101100000
00000000000000010001110100001111
00000000000000010001110100010000
00000000000000010001110100010001
00000000000000010001110100010010
00000000000000010001110100010011
00000000000000010001110100010100
00000000000000010001110100010101
00000000000000010001110100010110
00000000000000010001110100010111
00000000000000010001110100011000
11111111111111010110100000001000
11111111111111010110100000001001
11111111111111010110100000001010
11111111111111010110100000001011
11111111111111010110100000001100
11111111111111010110100000001101
11111111111111010110100000001110
11111111111111010110100000001111
11111111111111010110100000010000
11111111111111010110100000010001
00000000000000010001111011111010
00000000000000010001111011111011
00000000000000010001111011111100
00000000000000010001111011111101
00000000000000010001111011111110
00000000000000010001111011111111
00000000000000010001111100000000
00000000000000010001111100000001
00000000000000010001111100000010
00000000000000010001111100000011
00000000000000101001111111010110
00000000000000101001111111010111
00000000000000101001111111011000
00000000000000101001111111011001
00000000000000101001111111011010
00000000000000101001111111011011
00000000000000101001111111011100
00000000000000101001111111011101
00000000000000101001111111011110
00000000000000101001111111011111
00000000000001100111101100010101
00000000000001100111101100010110
00000000000001100111101100010111
00000000000001100111101100011000
00000000000001100111101100011001
00000000000001100111101100011010
00000000000001100111101100011011
00000000000001100111101100011100
00000000000001100111101100011101
00000000000001100111101100011110
11111111111110000100000100101010
11111111111110000100000100101011
11111111111110000100000100101100
11111111111110000100000100101101
11111111111110000100000100101110
11111111111110000100000100101111
11111111111110000100000100110000
11111111111110000100000100110001
11111111111110000100000100110010
11111111111110000100000100110011
00000000000000001000001111010011
00000000000000001000001111010100
00000000000000001000001111010101
00000000000000001000001111010110
00000000000000001000001111010111
00000000000000001000001111011000
00000000000000001000001111011001
00000000000000001000001111011010
00000000000000001000001111011011
00000000000000001000001111011100
00000000000000001111010111001100
00000000000000001111010111001101
00000000000000001111010111001110
00000000000000001111010111001111
00000000000000001111010111010000
00000000000000001111010111010001
00000000000000001111010111010010
00000000000000001111010111010011
00000000000000001111010111010100
00000000000000001111010111010101
11111111111110001001101110010000
11111111111110001001101110010001
11111111111110001001101110010010
11111111111110001001101110010011
11111111111110001001101110010100
11111111111110001001101110010101
11111111111110001001101110010110
11111111111110001001101110010111
11111111111110001001101110011000
11111111111110001001101110011001
11111111111110010110100101000100
11111111111110010110100101000101
11111111111110010110100101000110
11111111111110010110100101000111
11111111111110010110100101001000
11111111111110010110100101001001
11111111111110010110100101001010
11111111111110010110100101001011
11111111111110010110100101001100
11111111111110010110100101001101
11111111111110010011010110101011
11111111111110010011010110101100
11111111111110010011010110101101
11111111111110010011010110101110
11111111111110010011010110101111
11111111111110010011010110110000
11111111111110010011010110110001
11111111111110010011010110110010
11111111111110010011010110110011
11111111111110010011010110110100
00000000000001101111010001010011
00000000000001101111010001010100
00000000000001101111010001010101
00000000000001101111010001010110
00000000000001101111010001010111
00000000000001101111010001011000
00000000000001101111010001011001
00000000000001101111010001011010
00000000000001101111010001011011
00000000000001101111010001011100
00000000000001001111110110100011
00000000000001001111110110100100
00000000000001001111110110100101
00000000000001001111110110100110
00000000000001001111110110100111
00000000000001001111110110101000
00000000000001001111110110101001
00000000000001001111110110101010
00000000000001001111110110101011
00000000000001001111110110101100
00000000000001010001011100111011
00000000000001010001011100111100
00000000000001010001011100111101
00000000000001010001011100111110
00000000000001010001011100111111
00000000000001010001011101000000
00000000000001010001011101000001
00000000000001010001011101000010
00000000000001010001011101000011
00000000000001010001011101000100
11111111111110000100011000111000
11111111111110000100011000111001
11111111111110000100011000111010
11111111111110000100011000111011
11111111111110000100011000111100
11111111111110000100011000111101
11111111111110000100011000111110
11111111111110000100011000111111
11111111111110000100011001000000
11111111111110000100011001000001
11111111111110000000011111110101
11111111111110000000011111110110
11111111111110000000011111110111
11111111111110000000011111111000
11111111111110000000011111111001
11111111111110000000011111111010
11111111111110000000011111111011
11111111111110000000011111111100
11111111111110000000011111111101
11111111111110000000011111111110
00000000000000000010011011000000
00000000000000000010011011000001
00000000000000000010011011000010
00000000000000000010011011000011
00000000000000000010011011000100
00000000000000000010011011000101
00000000000000000010011011000110
00000000000000000010011011000111
00000000000000000010011011001000
00000000000000000010011011001001
00000000000000010101011101000000
00000000000000010101011101000001
00000000000000010101011101000010
00000000000000010101011101000011
00000000000000010101011101000100
00000000000000010101011101000101
00000000000000010101011101000110
00000000000000010101011101000111
00000000000000010101011101001000
00000000000000010101011101001001
00000000000000010110100101011001
00000000000000010110100101011010
00000000000000010110100101011011
00000000000000010110100101011100
00000000000000010110100101011101
00000000000000010110100101011110
00000000000000010110100101011111
00000000000000010110100101100000
00000000000000010110100101100001
00000000000000010110100101100010
11111111111110100111000011110010
11111111111110100111000011110011
11111111111110100111000011110100
11111111111110100111000011110101
11111111111110100111000011110110
11111111111110100111000011110111
11111111111110100111000011111000
11111111111110100111000011111001
11111111111110100111000011111010
11111111111110100111000011111011
11111111111110110010111001111101
11111111111110110010111001111110
11111111111110110010111001111111
11111111111110110010111010000000
11111111111110110010111010000001
11111111111110110010111010000010
11111111111110110010111010000011
11111111111110110010111010000100
11111111111110110010111010000101
11111111111110110010111010000110
11111111111110010111101110111001
11111111111110010111101110111010
11111111111110010111101110111011
11111111111110010111101110111100
11111111111110010111101110111101
11111111111110010111101110111110
11111111111110010111101110111111
11111111111110010111101111000000
11111111111110010111101111000001
11111111111110010111101111000010
11111111111111110110100110100001
11111111111111110110100110100010
11111111111111110110100110100011
11111111111111110110100110100100
11111111111111110110100110100101
11111111111111110110100110100110
11111111111111110110100110100111
11111111111111110110100110101000
11111111111111110110100110101001
11111111111111110110100110101010
00000000000000100101101111101010
00000000000000100101101111101011
00000000000000100101101111101100
00000000000000100101101111101101
00000000000000100101101111101110
00000000000000100101101111101111
00000000000000100101101111110000
00000000000000100101101111110001
00000000000000100101101111110010
00000000000000100101101111110011
11111111111110010001101110000000
11111111111110010001101110000001
11111111111110010001101110000010
11111111111110010001101110000011
11111111111110010001101110000100
11111111111110010001101110000101
11111111111110010001101110000110
11111111111110010001101110000111
11111111111110010001101110001000
11111111111110010001101110001001
11111111111111010101110110110010
11111111111111010101110110110011
11111111111111010101110110110100
11111111111111010101110110110101
11111111111111010101110110110110
11111111111111010101110110110111
11111111111111010101110110111000
11111111111111010101110110111001
11111111111111010101110110111010
11111111111111010101110110111011
11111111111111011110110100000001
11111111111111011110110100000010
11111111111111011110110100000011
11111111111111011110110100000100
11111111111111011110110100000101
11111111111111011110110100000110
11111111111111011110110100000111
11111111111111011110110100001000
11111111111111011110110100001001
11111111111111011110110100001010
00000000000001011100101001100011
00000000000001011100101001100100
00000000000001011100101001100101
00000000000001011100101001100110
00000000000001011100101001100111
00000000000001011100101001101000
00000000000001011100101001101001
00000000000001011100101001101010
00000000000001011100101001101011
00000000000001011100101001101100
00000000000000011001000000011001
00000000000000011001000000011010
00000000000000011001000000011011
00000000000000011001000000011100
00000000000000011001000000011101
00000000000000011001000000011110
00000000000000011001000000011111
00000000000000011001000000100000
00000000000000011001000000100001
00000000000000011001000000100010
00000000000001100110110100111000
00000000000001100110110100111001
00000000000001100110110100111010
00000000000001100110110100111011
00000000000001100110110100111100
00000000000001100110110100111101
00000000000001100110110100111110
00000000000001100110110100111111
00000000000001100110110101000000
00000000000001100110110101000001
11111111111110010000100100010011
11111111111110010000100100010100
11111111111110010000100100010101
11111111111110010000100100010110
11111111111110010000100100010111
11111111111110010000100100011000
11111111111110010000100100011001
11111111111110010000100100011010
11111111111110010000100100011011
11111111111110010000100100011100
第三轮：
11111111111111011101101100110100
11111111111111011101101100110101
11111111111111011101101100110110
11111111111111011101101100110111
11111111111111011101101100111000
11111111111111011101101100111001
11111111111111011101101100111010
11111111111111011101101100111011
11111111111111011101101100111100
11111111111111011101101100111101
11111111111111010111110100001000
11111111111111010111110100001001
11111111111111010111110100001010
11111111111111010111110100001011
11111111111111010111110100001100
11111111111111010111110100001101
11111111111111010111110100001110
11111111111111010111110100001111
11111111111111010111110100010000
11111111111111010111110100010001
00000000000000010001101000000110
00000000000000010001101000000111
00000000000000010001101000001000
00000000000000010001101000001001
00000000000000010001101000001010
00000000000000010001101000001011
00000000000000010001101000001100
00000000000000010001101000001101
00000000000000010001101000001110
00000000000000010001101000001111
00000000000000000011011110011110
00000000000000000011011110011111
00000000000000000011011110100000
00000000000000000011011110100001
00000000000000000011011110100010
00000000000000000011011110100011
00000000000000000011011110100100
00000000000000000011011110100101
00000000000000000011011110100110
00000000000000000011011110100111
11111111111111111001101010000101
11111111111111111001101010000110
11111111111111111001101010000111
11111111111111111001101010001000
11111111111111111001101010001001
11111111111111111001101010001010
11111111111111111001101010001011
11111111111111111001101010001100
11111111111111111001101010001101
11111111111111111001101010001110
00000000000001101000000110100101
00000000000001101000000110100110
00000000000001101000000110100111
00000000000001101000000110101000
00000000000001101000000110101001
00000000000001101000000110101010
00000000000001101000000110101011
00000000000001101000000110101100
00000000000001101000000110101101
00000000000001101000000110101110
00000000000001001011011111111110
00000000000001001011011111111111
00000000000001001011100000000000
00000000000001001011100000000001
00000000000001001011100000000010
00000000000001001011100000000011
00000000000001001011100000000100
00000000000001001011100000000101
00000000000001001011100000000110
00000000000001001011100000000111
00000000000000001100000001001000
00000000000000001100000001001001
00000000000000001100000001001010
00000000000000001100000001001011
00000000000000001100000001001100
00000000000000001100000001001101
00000000000000001100000001001110
00000000000000001100000001001111
00000000000000001100000001010000
00000000000000001100000001010001
00000000000000001010110100010110
00000000000000001010110100010111
00000000000000001010110100011000
00000000000000001010110100011001
00000000000000001010110100011010
00000000000000001010110100011011
00000000000000001010110100011100
00000000000000001010110100011101
00000000000000001010110100011110
00000000000000001010110100011111
00000000000001100001010011011111
00000000000001100001010011100000
00000000000001100001010011100001
00000000000001100001010011100010
00000000000001100001010011100011
00000000000001100001010011100100
00000000000001100001010011100101
00000000000001100001010011100110
00000000000001100001010011100111
00000000000001100001010011101000
11111111111111111100010011101110
11111111111111111100010011101111
11111111111111111100010011110000
11111111111111111100010011110001
11111111111111111100010011110010
11111111111111111100010011110011
11111111111111111100010011110100
11111111111111111100010011110101
11111111111111111100010011110110
11111111111111111100010011110111
00000000000000000011011101100111
00000000000000000011011101101000
00000000000000000011011101101001
00000000000000000011011101101010
00000000000000000011011101101011
00000000000000000011011101101100
00000000000000000011011101101101
00000000000000000011011101101110
00000000000000000011011101101111
00000000000000000011011101110000
00000000000000011010011110000111
00000000000000011010011110001000
00000000000000011010011110001001
00000000000000011010011110001010
00000000000000011010011110001011
00000000000000011010011110001100
00000000000000011010011110001101
00000000000000011010011110001110
00000000000000011010011110001111
00000000000000011010011110010000
00000000000000010100010110111111
00000000000000010100010111000000
00000000000000010100010111000001
00000000000000010100010111000010
00000000000000010100010111000011
00000000000000010100010111000100
00000000000000010100010111000101
00000000000000010100010111000110
00000000000000010100010111000111
00000000000000010100010111001000
11111111111110000100010110010000
11111111111110000100010110010001
11111111111110000100010110010010
11111111111110000100010110010011
11111111111110000100010110010100
11111111111110000100010110010101
11111111111110000100010110010110
11111111111110000100010110010111
11111111111110000100010110011000
11111111111110000100010110011001
00000000000001111010110011100101
00000000000001111010110011100110
00000000000001111010110011100111
00000000000001111010110011101000
00000000000001111010110011101001
00000000000001111010110011101010
00000000000001111010110011101011
00000000000001111010110011101100
00000000000001111010110011101101
00000000000001111010110011101110
11111111111111000010011011110110
11111111111111000010011011110111
11111111111111000010011011111000
11111111111111000010011011111001
11111111111111000010011011111010
11111111111111000010011011111011
11111111111111000010011011111100
11111111111111000010011011111101
11111111111111000010011011111110
11111111111111000010011011111111
11111111111111011000111001010111
11111111111111011000111001011000
11111111111111011000111001011001
11111111111111011000111001011010
11111111111111011000111001011011
11111111111111011000111001011100
11111111111111011000111001011101
11111111111111011000111001011110
11111111111111011000111001011111
11111111111111011000111001100000
11111111111111110010000101011100
11111111111111110010000101011101
11111111111111110010000101011110
11111111111111110010000101011111
11111111111111110010000101100000
11111111111111110010000101100001
11111111111111110010000101100010
11111111111111110010000101100011
11111111111111110010000101100100
11111111111111110010000101100101
11111111111111101100100000000111
11111111111111101100100000001000
11111111111111101100100000001001
11111111111111101100100000001010
11111111111111101100100000001011
11111111111111101100100000001100
11111111111111101100100000001101
11111111111111101100100000001110
11111111111111101100100000001111
11111111111111101100100000010000
11111111111110000011100100110101
11111111111110000011100100110110
11111111111110000011100100110111
11111111111110000011100100111000
11111111111110000011100100111001
11111111111110000011100100111010
11111111111110000011100100111011
11111111111110000011100100111100
11111111111110000011100100111101
11111111111110000011100100111110
00000000000000010000000000110111
00000000000000010000000000111000
00000000000000010000000000111001
00000000000000010000000000111010
00000000000000010000000000111011
00000000000000010000000000111100
00000000000000010000000000111101
00000000000000010000000000111110
00000000000000010000000000111111
00000000000000010000000001000000
11111111111110101011001010011111
11111111111110101011001010100000
11111111111110101011001010100001
11111111111110101011001010100010
11111111111110101011001010100011
11111111111110101011001010100100
11111111111110101011001010100101
11111111111110101011001010100110
11111111111110101011001010100111
11111111111110101011001010101000
11111111111110011101101110110011
11111111111110011101101110110100
11111111111110011101101110110101
11111111111110011101101110110110
11111111111110011101101110110111
11111111111110011101101110111000
11111111111110011101101110111001
11111111111110011101101110111010
11111111111110011101101110111011
11111111111110011101101110111100
00000000000000010001010101100001
00000000000000010001010101100010
00000000000000010001010101100011
00000000000000010001010101100100
00000000000000010001010101100101
00000000000000010001010101100110
00000000000000010001010101100111
00000000000000010001010101101000
00000000000000010001010101101001
00000000000000010001010101101010
00000000000000101100000010111011
00000000000000101100000010111100
00000000000000101100000010111101
00000000000000101100000010111110
00000000000000101100000010111111
00000000000000101100000011000000
00000000000000101100000011000001
00000000000000101100000011000010
00000000000000101100000011000011
00000000000000101100000011000100
11111111111111010010011101111001
11111111111111010010011101111010
11111111111111010010011101111011
11111111111111010010011101111100
11111111111111010010011101111101
11111111111111010010011101111110
11111111111111010010011101111111
11111111111111010010011110000000
11111111111111010010011110000001
11111111111111010010011110000010
11111111111110000100101100010111
11111111111110000100101100011000
11111111111110000100101100011001
11111111111110000100101100011010
11111111111110000100101100011011
11111111111110000100101100011100
11111111111110000100101100011101
11111111111110000100101100011110
11111111111110000100101100011111
11111111111110000100101100100000
11111111111110000010010001011111
11111111111110000010010001100000
11111111111110000010010001100001
11111111111110000010010001100010
11111111111110000010010001100011
11111111111110000010010001100100
11111111111110000010010001100101
11111111111110000010010001100110
11111111111110000010010001100111
11111111111110000010010001101000
11111111111111001101010111000101
11111111111111001101010111000110
11111111111111001101010111000111
11111111111111001101010111001000
11111111111111001101010111001001
11111111111111001101010111001010
11111111111111001101010111001011
11111111111111001101010111001100
11111111111111001101010111001101
11111111111111001101010111001110
00000000000001000011000111110100
00000000000001000011000111110101
00000000000001000011000111110110
00000000000001000011000111110111
00000000000001000011000111111000
00000000000001000011000111111001
00000000000001000011000111111010
00000000000001000011000111111011
00000000000001000011000111111100
00000000000001000011000111111101
00000000000000000011110111110111
00000000000000000011110111111000
00000000000000000011110111111001
00000000000000000011110111111010
00000000000000000011110111111011
00000000000000000011110111111100
00000000000000000011110111111101
00000000000000000011110111111110
00000000000000000011110111111111
00000000000000000011111000000000
11111111111111000101100110101000
11111111111111000101100110101001
11111111111111000101100110101010
11111111111111000101100110101011
11111111111111000101100110101100
11111111111111000101100110101101
11111111111111000101100110101110
11111111111111000101100110101111
11111111111111000101100110110000
11111111111111000101100110110001
11111111111110110100001001010111
11111111111110110100001001011000
11111111111110110100001001011001
11111111111110110100001001011010
11111111111110110100001001011011
11111111111110110100001001011100
11111111111110110100001001011101
11111111111110110100001001011110
11111111111110110100001001011111
11111111111110110100001001100000
11111111111111011000100010101110
11111111111111011000100010101111
11111111111111011000100010110000
11111111111111011000100010110001
11111111111111011000100010110010
11111111111111011000100010110011
11111111111111011000100010110100
11111111111111011000100010110101
11111111111111011000100010110110
11111111111111011000100010110111
11111111111111001010010100110101
11111111111111001010010100110110
11111111111111001010010100110111
11111111111111001010010100111000
11111111111111001010010100111001
11111111111111001010010100111010
11111111111111001010010100111011
11111111111111001010010100111100
11111111111111001010010100111101
11111111111111001010010100111110
11111111111111111101101101010011
11111111111111111101101101010100
11111111111111111101101101010101
11111111111111111101101101010110
11111111111111111101101101010111
11111111111111111101101101011000
11111111111111111101101101011001
11111111111111111101101101011010
11111111111111111101101101011011
11111111111111111101101101011100
00000000000001010111001010001000
00000000000001010111001010001001
00000000000001010111001010001010
00000000000001010111001010001011
00000000000001010111001010001100
00000000000001010111001010001101
00000000000001010111001010001110
00000000000001010111001010001111
00000000000001010111001010010000
00000000000001010111001010010001
00000000000000110011011110000011
00000000000000110011011110000100
00000000000000110011011110000101
00000000000000110011011110000110
00000000000000110011011110000111
00000000000000110011011110001000
00000000000000110011011110001001
00000000000000110011011110001010
00000000000000110011011110001011
00000000000000110011011110001100
00000000000000110000111110111010
00000000000000110000111110111011
00000000000000110000111110111100
00000000000000110000111110111101
00000000000000110000111110111110
00000000000000110000111110111111
00000000000000110000111111000000
00000000000000110000111111000001
00000000000000110000111111000010
00000000000000110000111111000011
11111111111110100111101011010111
11111111111110100111101011011000
11111111111110100111101011011001
11111111111110100111101011011010
11111111111110100111101011011011
11111111111110100111101011011100
11111111111110100111101011011101
11111111111110100111101011011110
11111111111110100111101011011111
11111111111110100111101011100000
11111111111111001111100010110111
11111111111111001111100010111000
11111111111111001111100010111001
11111111111111001111100010111010
11111111111111001111100010111011
11111111111111001111100010111100
11111111111111001111100010111101
11111111111111001111100010111110
11111111111111001111100010111111
11111111111111001111100011000000
11111111111111011011111110111001
11111111111111011011111110111010
11111111111111011011111110111011
11111111111111011011111110111100
11111111111111011011111110111101
11111111111111011011111110111110
11111111111111011011111110111111
11111111111111011011111111000000
11111111111111011011111111000001
11111111111111011011111111000010
11111111111111010100111001011011
11111111111111010100111001011100
11111111111111010100111001011101
11111111111111010100111001011110
11111111111111010100111001011111
11111111111111010100111001100000
11111111111111010100111001100001
11111111111111010100111001100010
11111111111111010100111001100011
11111111111111010100111001100100
00000000000000111111110110001001
00000000000000111111110110001010
00000000000000111111110110001011
00000000000000111111110110001100
00000000000000111111110110001101
00000000000000111111110110001110
00000000000000111111110110001111
00000000000000111111110110010000
00000000000000111111110110010001
00000000000000111111110110010010
11111111111110100001100110100010
11111111111110100001100110100011
11111111111110100001100110100100
11111111111110100001100110100101
11111111111110100001100110100110
11111111111110100001100110100111
11111111111110100001100110101000
11111111111110100001100110101001
11111111111110100001100110101010
11111111111110100001100110101011
11111111111110001000100010101010
11111111111110001000100010101011
11111111111110001000100010101100
11111111111110001000100010101101
11111111111110001000100010101110
11111111111110001000100010101111
11111111111110001000100010110000
11111111111110001000100010110001
11111111111110001000100010110010
11111111111110001000100010110011
11111111111111000110100011000000
11111111111111000110100011000001
11111111111111000110100011000010
11111111111111000110100011000011
11111111111111000110100011000100
11111111111111000110100011000101
11111111111111000110100011000110
11111111111111000110100011000111
11111111111111000110100011001000
11111111111111000110100011001001
00000000000001000011010011111101
00000000000001000011010011111110
00000000000001000011010011111111
00000000000001000011010100000000
00000000000001000011010100000001
00000000000001000011010100000010
00000000000001000011010100000011
00000000000001000011010100000100
00000000000001000011010100000101
00000000000001000011010100000110
00000000000001001010100011100110
00000000000001001010100011100111
00000000000001001010100011101000
00000000000001001010100011101001
00000000000001001010100011101010
00000000000001001010100011101011
00000000000001001010100011101100
00000000000001001010100011101101
00000000000001001010100011101110
00000000000001001010100011101111
