第一轮：
00000110100110010011100110001101
00000110100110010011100110001110
00000110100110010011100110001111
00000110100110010011100110010000
00000110100110010011100110010001
00000110100110010011100110010010
00000110100110010011100110010011
00000110100110010011100110010100
00000110100110010011100110010101
00000110100110010011100110010110
00000010100001000010100001000000
00000010100001000010100001000001
00000010100001000010100001000010
00000010100001000010100001000011
00000010100001000010100001000100
00000010100001000010100001000101
00000010100001000010100001000110
00000010100001000010100001000111
00000010100001000010100001001000
00000010100001000010100001001001
00000011000011010010000011001011
00000011000011010010000011001100
00000011000011010010000011001101
00000011000011010010000011001110
00000011000011010010000011001111
00000011000011010010000011010000
00000011000011010010000011010001
00000011000011010010000011010010
00000011000011010010000011010011
00000011000011010010000011010100
00000001000001011000000001010111
00000001000001011000000001011000
00000001000001011000000001011001
00000001000001011000000001011010
00000001000001011000000001011011
00000001000001011000000001011100
00000001000001011000000001011101
00000001000001011000000001011110
00000001000001011000000001011111
00000001000001011000000001100000
11111101010011010001010011010000
11111101010011010001010011010001
11111101010011010001010011010010
11111101010011010001010011010011
11111101010011010001010011010100
11111101010011010001010011010101
11111101010011010001010011010110
11111101010011010001010011010111
11111101010011010001010011011000
11111101010011010001010011011001
11111110111010011000111010010110
11111110111010011000111010010111
11111110111010011000111010011000
11111110111010011000111010011001
11111110111010011000111010011010
11111110111010011000111010011011
11111110111010011000111010011100
11111110111010011000111010011101
11111110111010011000111010011110
11111110111010011000111010011111
00000011110011001010110011000011
00000011110011001010110011000100
00000011110011001010110011000101
00000011110011001010110011000110
00000011110011001010110011000111
00000011110011001010110011001000
00000011110011001010110011001001
00000011110011001010110011001010
00000011110011001010110011001011
00000011110011001010110011001100
00000000000010000000000010000000
00000000000010000000000010000001
00000000000010000000000010000010
00000000000010000000000010000011
00000000000010000000000010000100
00000000000010000000000010000101
00000000000010000000000010000110
00000000000010000000000010000111
00000000000010000000000010001000
00000000000010000000000010001001
00000001100001001100100001001011
00000001100001001100100001001100
00000001100001001100100001001101
00000001100001001100100001001110
00000001100001001100100001001111
00000001100001001100100001010000
00000001100001001100100001010001
00000001100001001100100001010010
00000001100001001100100001010011
00000001100001001100100001010100
11111110101000011001101000010111
11111110101000011001101000011000
11111110101000011001101000011001
11111110101000011001101000011010
11111110101000011001101000011011
11111110101000011001101000011100
11111110101000011001101000011101
11111110101000011001101000011110
11111110101000011001101000011111
11111110101000011001101000100000
00000001101110100111101110100110
00000001101110100111101110100111
00000001101110100111101110101000
00000001101110100111101110101001
00000001101110100111101110101010
00000001101110100111101110101011
00000001101110100111101110101100
00000001101110100111101110101101
00000001101110100111101110101110
00000001101110100111101110101111
00000011001010011100001010010101
00000011001010011100001010010110
00000011001010011100001010010111
00000011001010011100001010011000
00000011001010011100001010011001
00000011001010011100001010011010
00000011001010011100001010011011
00000011001010011100001010011100
00000011001010011100001010011101
00000011001010011100001010011110
11111100000111110101000111110101
11111100000111110101000111110110
11111100000111110101000111110111
11111100000111110101000111111000
11111100000111110101000111111001
11111100000111110101000111111010
11111100000111110101000111111011
11111100000111110101000111111100
11111100000111110101000111111101
11111100000111110101000111111110
00000111100101100100100101011101
00000111100101100100100101011110
00000111100101100100100101011111
00000111100101100100100101100000
00000111100101100100100101100001
00000111100101100100100101100010
00000111100101100100100101100011
00000111100101100100100101100100
00000111100101100100100101100101
00000111100101100100100101100110
11111100100111011010100111011010
11111100100111011010100111011011
11111100100111011010100111011100
11111100100111011010100111011101
11111100100111011010100111011110
11111100100111011010100111011111
11111100100111011010100111100000
11111100100111011010100111100001
11111100100111011010100111100010
11111100100111011010100111100011
11111111011100110100011100110001
11111111011100110100011100110010
11111111011100110100011100110011
11111111011100110100011100110100
11111111011100110100011100110101
11111111011100110100011100110110
11111111011100110100011100110111
11111111011100110100011100111000
11111111011100110100011100111001
11111111011100110100011100111010
00000110000001001011000001000101
00000110000001001011000001000110
00000110000001001011000001000111
00000110000001001011000001001000
00000110000001001011000001001001
00000110000001001011000001001010
00000110000001001011000001001011
00000110000001001011000001001100
00000110000001001011000001001101
00000110000001001011000001001110
11111101111110100110111110100101
11111101111110100110111110100110
11111101111110100110111110100111
11111101111110100110111110101000
11111101111110100110111110101001
11111101111110100110111110101010
11111101111110100110111110101011
11111101111110100110111110101100
11111101111110100110111110101101
11111101111110100110111110101110
00000110110110010001110110001011
00000110110110010001110110001100
00000110110110010001110110001101
00000110110110010001110110001110
00000110110110010001110110001111
00000110110110010001110110010000
00000110110110010001110110010001
00000110110110010001110110010010
00000110110110010001110110010011
00000110110110010001110110010100
00000011011011011011011011010100
00000011011011011011011011010101
00000011011011011011011011010110
00000011011011011011011011010111
00000011011011011011011011011000
00000011011011011011011011011001
00000011011011011011011011011010
00000011011011011011011011011011
00000011011011011011011011011100
00000011011011011011011011011101
00000011100011000000100010111001
00000011100011000000100010111010
00000011100011000000100010111011
00000011100011000000100010111100
00000011100011000000100010111101
00000011100011000000100010111110
00000011100011000000100010111111
00000011100011000000100011000000
00000011100011000000100011000001
00000011100011000000100011000010
00000010111101010011111101010001
00000010111101010011111101010010
00000010111101010011111101010011
00000010111101010011111101010100
00000010111101010011111101010101
00000010111101010011111101010110
00000010111101010011111101010111
00000010111101010011111101011000
00000010111101010011111101011001
00000010111101010011111101011010
00000001010100101000010100100111
00000001010100101000010100101000
00000001010100101000010100101001
00000001010100101000010100101010
00000001010100101000010100101011
00000001010100101000010100101100
00000001010100101000010100101101
00000001010100101000010100101110
00000001010100101000010100101111
00000001010100101000010100110000
00000110010001100111010001100001
00000110010001100111010001100010
00000110010001100111010001100011
00000110010001100111010001100100
00000110010001100111010001100101
00000110010001100111010001100110
00000110010001100111010001100111
00000110010001100111010001101000
00000110010001100111010001101001
00000110010001100111010001101010
11111100111001010000111001010000
11111100111001010000111001010001
11111100111001010000111001010010
11111100111001010000111001010011
11111100111001010000111001010100
11111100111001010000111001010101
11111100111001010000111001010110
11111100111001010000111001010111
11111100111001010000111001011000
11111100111001010000111001011001
00000000010001101011010001100111
00000000010001101011010001101000
00000000010001101011010001101001
00000000010001101011010001101010
00000000010001101011010001101011
00000000010001101011010001101100
00000000010001101011010001101101
00000000010001101011010001101110
00000000010001101011010001101111
00000000010001101011010001110000
00000000010111100100010111100000
00000000010111100100010111100001
00000000010111100100010111100010
00000000010111100100010111100011
00000000010111100100010111100100
00000000010111100100010111100101
00000000010111100100010111100110
00000000010111100100010111100111
00000000010111100100010111101000
00000000010111100100010111101001
00000011111110100110111110011111
00000011111110100110111110100000
00000011111110100110111110100001
00000011111110100110111110100010
00000011111110100110111110100011
00000011111110100110111110100100
00000011111110100110111110100101
00000011111110100110111110100110
00000011111110100110111110100111
00000011111110100110111110101000
00000011100000010010100000001111
00000011100000010010100000010000
00000011100000010010100000010001
00000011100000010010100000010010
00000011100000010010100000010011
00000011100000010010100000010100
00000011100000010010100000010101
00000011100000010010100000010110
00000011100000010010100000010111
00000011100000010010100000011000
00000000111100001111111100001111
00000000111100001111111100010000
00000000111100001111111100010001
00000000111100001111111100010010
00000000111100001111111100010011
00000000111100001111111100010100
00000000111100001111111100010101
00000000111100001111111100010110
00000000111100001111111100010111
00000000111100001111111100011000
00000001101000101111101000101110
00000001101000101111101000101111
00000001101000101111101000110000
00000001101000101111101000110001
00000001101000101111101000110010
00000001101000101111101000110011
00000001101000101111101000110100
00000001101000101111101000110101
00000001101000101111101000110110
00000001101000101111101000110111
00000110011111000001011110111011
00000110011111000001011110111100
00000110011111000001011110111101
00000110011111000001011110111110
00000110011111000001011110111111
00000110011111000001011111000000
00000110011111000001011111000001
00000110011111000001011111000010
00000110011111000001011111000011
00000110011111000001011111000100
00000000011110000011011101111111
00000000011110000011011110000000
00000000011110000011011110000001
00000000011110000011011110000010
00000000011110000011011110000011
00000000011110000011011110000100
00000000011110000011011110000101
00000000011110000011011110000110
00000000011110000011011110000111
00000000011110000011011110001000
00000010111000011111111000011001
00000010111000011111111000011010
00000010111000011111111000011011
00000010111000011111111000011100
00000010111000011111111000011101
00000010111000011111111000011110
00000010111000011111111000011111
00000010111000011111111000100000
00000010111000011111111000100001
00000010111000011111111000100010
00000111000001010001000001001010
00000111000001010001000001001011
00000111000001010001000001001100
00000111000001010001000001001101
00000111000001010001000001001110
00000111000001010001000001001111
00000111000001010001000001010000
00000111000001010001000001010001
00000111000001010001000001010010
00000111000001010001000001010011
11111111110111000111110111000100
11111111110111000111110111000101
11111111110111000111110111000110
11111111110111000111110111000111
11111111110111000111110111001000
11111111110111000111110111001001
11111111110111000111110111001010
11111111110111000111110111001011
11111111110111000111110111001100
11111111110111000111110111001101
00000011111100110000111100101101
00000011111100110000111100101110
00000011111100110000111100101111
00000011111100110000111100110000
00000011111100110000111100110001
00000011111100110000111100110010
00000011111100110000111100110011
00000011111100110000111100110100
00000011111100110000111100110101
00000011111100110000111100110110
11111101100101110101100101110100
11111101100101110101100101110101
11111101100101110101100101110110
11111101100101110101100101110111
11111101100101110101100101111000
11111101100101110101100101111001
11111101100101110101100101111010
11111101100101110101100101111011
11111101100101110101100101111100
11111101100101110101100101111101
00000110100010111010100010110100
00000110100010111010100010110101
00000110100010111010100010110110
00000110100010111010100010110111
00000110100010111010100010111000
00000110100010111010100010111001
00000110100010111010100010111010
00000110100010111010100010111011
00000110100010111010100010111100
00000110100010111010100010111101
11111101011100101111011100101110
11111101011100101111011100101111
11111101011100101111011100110000
11111101011100101111011100110001
11111101011100101111011100110010
11111101011100101111011100110011
11111101011100101111011100110100
11111101011100101111011100110101
11111101011100101111011100110110
11111101011100101111011100110111
00000101100100101111100100101010
00000101100100101111100100101011
00000101100100101111100100101100
00000101100100101111100100101101
00000101100100101111100100101110
00000101100100101111100100101111
00000101100100101111100100110000
00000101100100101111100100110001
00000101100100101111100100110010
00000101100100101111100100110011
00000101110010111101110010111000
00000101110010111101110010111001
00000101110010111101110010111010
00000101110010111101110010111011
00000101110010111101110010111100
00000101110010111101110010111101
00000101110010111101110010111110
00000101110010111101110010111111
00000101110010111101110011000000
00000101110010111101110011000001
00000011010010110101010010101110
00000011010010110101010010101111
00000011010010110101010010110000
00000011010010110101010010110001
00000011010010110101010010110010
00000011010010110101010010110011
00000011010010110101010010110100
00000011010010110101010010110101
00000011010010110101010010110110
00000011010010110101010010110111
00000000000001010000000001010000
00000000000001010000000001010001
00000000000001010000000001010010
00000000000001010000000001010011
00000000000001010000000001010100
00000000000001010000000001010101
00000000000001010000000001010110
00000000000001010000000001010111
00000000000001010000000001011000
00000000000001010000000001011001
00000001110110001010110110001001
00000001110110001010110110001010
00000001110110001010110110001011
00000001110110001010110110001100
00000001110110001010110110001101
00000001110110001010110110001110
00000001110110001010110110001111
00000001110110001010110110010000
00000001110110001010110110010001
00000001110110001010110110010010
00000010000110100011000110011101
00000010000110100011000110011110
00000010000110100011000110011111
00000010000110100011000110100000
00000010000110100011000110100001
00000010000110100011000110100010
00000010000110100011000110100011
00000010000110100011000110100100
00000010000110100011000110100101
00000010000110100011000110100110
00000111010011000101010010111110
00000111010011000101010010111111
00000111010011000101010011000000
00000111010011000101010011000001
00000111010011000101010011000010
00000111010011000101010011000011
00000111010011000101010011000100
00000111010011000101010011000101
00000111010011000101010011000110
00000111010011000101010011000111
00000000111011100110111011100110
00000000111011100110111011100111
00000000111011100110111011101000
00000000111011100110111011101001
00000000111011100110111011101010
00000000111011100110111011101011
00000000111011100110111011101100
00000000111011100110111011101101
00000000111011100110111011101110
00000000111011100110111011101111
11111100100011100011100011100011
11111100100011100011100011100100
11111100100011100011100011100101
11111100100011100011100011100110
11111100100011100011100011100111
11111100100011100011100011101000
11111100100011100011100011101001
11111100100011100011100011101010
11111100100011100011100011101011
11111100100011100011100011101100
11111100101010000010101010000010
11111100101010000010101010000011
11111100101010000010101010000100
11111100101010000010101010000101
11111100101010000010101010000110
11111100101010000010101010000111
11111100101010000010101010001000
11111100101010000010101010001001
11111100101010000010101010001010
11111100101010000010101010001011
第二轮：
00000000000001010000000001001100
00000000000001010000000001001101
00000000000001010000000001001110
00000000000001010000000001001111
00000000000001010000000001010000
00000000000001010000000001010001
00000000000001010000000001010010
00000000000001010000000001010011
00000000000001010000000001010100
00000000000001010000000001010101
11111100100110000111100110000111
11111100100110000111100110001000
11111100100110000111100110001001
11111100100110000111100110001010
11111100100110000111100110001011
11111100100110000111100110001100
11111100100110000111100110001101
11111100100110000111100110001110
11111100100110000111100110001111
11111100100110000111100110010000
00000101111001001001111001000100
00000101111001001001111001000101
00000101111001001001111001000110
00000101111001001001111001000111
00000101111001001001111001001000
00000101111001001001111001001001
00000101111001001001111001001010
00000101111001001001111001001011
00000101111001001001111001001100
00000101111001001001111001001101
00000100110001101011110001100111
00000100110001101011110001101000
00000100110001101011110001101001
00000100110001101011110001101010
00000100110001101011110001101011
00000100110001101011110001101100
00000100110001101011110001101101
00000100110001101011110001101110
00000100110001101011110001101111
00000100110001101011110001110000
00000000001110110000001110110000
00000000001110110000001110110001
00000000001110110000001110110010
00000000001110110000001110110011
00000000001110110000001110110100
00000000001110110000001110110101
00000000001110110000001110110110
00000000001110110000001110110111
00000000001110110000001110111000
00000000001110110000001110111001
00000001101000101110101000101101
00000001101000101110101000101110
00000001101000101110101000101111
00000001101000101110101000110000
00000001101000101110101000110001
00000001101000101110101000110010
00000001101000101110101000110011
00000001101000101110101000110100
00000001101000101110101000110101
00000001101000101110101000110110
00000010000101010010000101010000
00000010000101010010000101010001
00000010000101010010000101010010
00000010000101010010000101010011
00000010000101010010000101010100
00000010000101010010000101010101
00000010000101010010000101010110
00000010000101010010000101010111
00000010000101010010000101011000
00000010000101010010000101011001
00000111100010110011100010101100
00000111100010110011100010101101
00000111100010110011100010101110
00000111100010110011100010101111
00000111100010110011100010110000
00000111100010110011100010110001
00000111100010110011100010110010
00000111100010110011100010110011
00000111100010110011100010110100
00000111100010110011100010110101
00000011001110101101001110100110
00000011001110101101001110100111
00000011001110101101001110101000
00000011001110101101001110101001
00000011001110101101001110101010
00000011001110101101001110101011
00000011001110101101001110101100
00000011001110101101001110101101
00000011001110101101001110101110
00000011001110101101001110101111
00000001000110100001000110011100
00000001000110100001000110011101
00000001000110100001000110011110
00000001000110100001000110011111
00000001000110100001000110100000
00000001000110100001000110100001
00000001000110100001000110100010
00000001000110100001000110100011
00000001000110100001000110100100
00000001000110100001000110100101
00000000010001010001010001001101
00000000010001010001010001001110
00000000010001010001010001001111
00000000010001010001010001010000
00000000010001010001010001010001
00000000010001010001010001010010
00000000010001010001010001010011
00000000010001010001010001010100
00000000010001010001010001010101
00000000010001010001010001010110
00000001111010010011111010001110
00000001111010010011111010001111
00000001111010010011111010010000
00000001111010010011111010010001
00000001111010010011111010010010
00000001111010010011111010010011
00000001111010010011111010010100
00000001111010010011111010010101
00000001111010010011111010010110
00000001111010010011111010010111
00000001010110010001010110001100
00000001010110010001010110001101
00000001010110010001010110001110
00000001010110010001010110001111
00000001010110010001010110010000
00000001010110010001010110010001
00000001010110010001010110010010
00000001010110010001010110010011
00000001010110010001010110010100
00000001010110010001010110010101
00000001000100100111000100100110
00000001000100100111000100100111
00000001000100100111000100101000
00000001000100100111000100101001
00000001000100100111000100101010
00000001000100100111000100101011
00000001000100100111000100101100
00000001000100100111000100101101
00000001000100100111000100101110
00000001000100100111000100101111
00000010110000101101110000101011
00000010110000101101110000101100
00000010110000101101110000101101
00000010110000101101110000101110
00000010110000101101110000101111
00000010110000101101110000110000
00000010110000101101110000110001
00000010110000101101110000110010
00000010110000101101110000110011
00000010110000101101110000110100
00000100101110001000101110000100
00000100101110001000101110000101
00000100101110001000101110000110
00000100101110001000101110000111
00000100101110001000101110001000
00000100101110001000101110001001
00000100101110001000101110001010
00000100101110001000101110001011
00000100101110001000101110001100
00000100101110001000101110001101
11111110101110000111101110000101
11111110101110000111101110000110
11111110101110000111101110000111
11111110101110000111101110001000
11111110101110000111101110001001
11111110101110000111101110001010
11111110101110000111101110001011
11111110101110000111101110001100
11111110101110000111101110001101
11111110101110000111101110001110
00000111110100001010110100000011
00000111110100001010110100000100
00000111110100001010110100000101
00000111110100001010110100000110
00000111110100001010110100000111
00000111110100001010110100001000
00000111110100001010110100001001
00000111110100001010110100001010
00000111110100001010110100001011
00000111110100001010110100001100
11111111011111100010011111011111
11111111011111100010011111100000
11111111011111100010011111100001
11111111011111100010011111100010
11111111011111100010011111100011
11111111011111100010011111100100
11111111011111100010011111100101
11111111011111100010011111100110
11111111011111100010011111100111
11111111011111100010011111101000
00000111011100101101011100100110
00000111011100101101011100100111
00000111011100101101011100101000
00000111011100101101011100101001
00000111011100101101011100101010
00000111011100101101011100101011
00000111011100101101011100101100
00000111011100101101011100101101
00000111011100101101011100101110
00000111011100101101011100101111
00000001001011111101001011111000
00000001001011111101001011111001
00000001001011111101001011111010
00000001001011111101001011111011
00000001001011111101001011111100
00000001001011111101001011111101
00000001001011111101001011111110
00000001001011111101001011111111
00000001001011111101001100000000
00000001001011111101001100000001
11111100111011001111111011001111
11111100111011001111111011010000
11111100111011001111111011010001
11111100111011001111111011010010
11111100111011001111111011010011
11111100111011001111111011010100
11111100111011001111111011010101
11111100111011001111111011010110
11111100111011001111111011010111
11111100111011001111111011011000
00000010011011100111011011100001
00000010011011100111011011100010
00000010011011100111011011100011
00000010011011100111011011100100
00000010011011100111011011100101
00000010011011100111011011100110
00000010011011100111011011100111
00000010011011100111011011101000
00000010011011100111011011101001
00000010011011100111011011101010
00000101110110110111110110110010
00000101110110110111110110110011
00000101110110110111110110110100
00000101110110110111110110110101
00000101110110110111110110110110
00000101110110110111110110110111
00000101110110110111110110111000
00000101110110110111110110111001
00000101110110110111110110111010
00000101110110110111110110111011
11111111001100010010001100001111
11111111001100010010001100010000
11111111001100010010001100010001
11111111001100010010001100010010
11111111001100010010001100010011
11111111001100010010001100010100
11111111001100010010001100010101
11111111001100010010001100010110
11111111001100010010001100010111
11111111001100010010001100011000
11111111100000001101100000001010
11111111100000001101100000001011
11111111100000001101100000001100
11111111100000001101100000001101
11111111100000001101100000001110
11111111100000001101100000001111
11111111100000001101100000010000
11111111100000001101100000010001
11111111100000001101100000010010
11111111100000001101100000010011
11111100111110101111111110101111
11111100111110101111111110110000
11111100111110101111111110110001
11111100111110101111111110110010
11111100111110101111111110110011
11111100111110101111111110110100
11111100111110101111111110110101
11111100111110101111111110110110
11111100111110101111111110110111
11111100111110101111111110111000
11111110101010001100101010001010
11111110101010001100101010001011
11111110101010001100101010001100
11111110101010001100101010001101
11111110101010001100101010001110
11111110101010001100101010001111
11111110101010001100101010010000
11111110101010001100101010010001
11111110101010001100101010010010
11111110101010001100101010010011
00000011101101000000101100111001
00000011101101000000101100111010
00000011101101000000101100111011
00000011101101000000101100111100
00000011101101000000101100111101
00000011101101000000101100111110
00000011101101000000101100111111
00000011101101000000101101000000
00000011101101000000101101000001
00000011101101000000101101000010
00000001010010011000010010010111
00000001010010011000010010011000
00000001010010011000010010011001
00000001010010011000010010011010
00000001010010011000010010011011
00000001010010011000010010011100
00000001010010011000010010011101
00000001010010011000010010011110
00000001010010011000010010011111
00000001010010011000010010100000
00000010011001001010011001001000
00000010011001001010011001001001
00000010011001001010011001001010
00000010011001001010011001001011
00000010011001001010011001001100
00000010011001001010011001001101
00000010011001001010011001001110
00000010011001001010011001001111
00000010011001001010011001010000
00000010011001001010011001010001
11111111001010110111001010110100
11111111001010110111001010110101
11111111001010110111001010110110
11111111001010110111001010110111
11111111001010110111001010111000
11111111001010110111001010111001
11111111001010110111001010111010
11111111001010110111001010111011
11111111001010110111001010111100
11111111001010110111001010111101
00000111000110110000000110101001
00000111000110110000000110101010
00000111000110110000000110101011
00000111000110110000000110101100
00000111000110110000000110101101
00000111000110110000000110101110
00000111000110110000000110101111
00000111000110110000000110110000
00000111000110110000000110110001
00000111000110110000000110110010
11111110110101000000110100111110
11111110110101000000110100111111
11111110110101000000110101000000
11111110110101000000110101000001
11111110110101000000110101000010
11111110110101000000110101000011
11111110110101000000110101000100
11111110110101000000110101000101
11111110110101000000110101000110
11111110110101000000110101000111
11111101001010110011001010110010
11111101001010110011001010110011
11111101001010110011001010110100
11111101001010110011001010110101
11111101001010110011001010110110
11111101001010110011001010110111
11111101001010110011001010111000
11111101001010110011001010111001
11111101001010110011001010111010
11111101001010110011001010111011
00000111111101100000111101011001
00000111111101100000111101011010
00000111111101100000111101011011
00000111111101100000111101011100
00000111111101100000111101011101
00000111111101100000111101011110
00000111111101100000111101011111
00000111111101100000111101100000
00000111111101100000111101100001
00000111111101100000111101100010
00000001000111011010000111010101
00000001000111011010000111010110
00000001000111011010000111010111
00000001000111011010000111011000
00000001000111011010000111011001
00000001000111011010000111011010
00000001000111011010000111011011
00000001000111011010000111011100
00000001000111011010000111011101
00000001000111011010000111011110
00000000101000101110101000101010
00000000101000101110101000101011
00000000101000101110101000101100
00000000101000101110101000101101
00000000101000101110101000101110
00000000101000101110101000101111
00000000101000101110101000110000
00000000101000101110101000110001
00000000101000101110101000110010
00000000101000101110101000110011
11111101011101110110011101110101
11111101011101110110011101110110
11111101011101110110011101110111
11111101011101110110011101111000
11111101011101110110011101111001
11111101011101110110011101111010
11111101011101110110011101111011
11111101011101110110011101111100
11111101011101110110011101111101
11111101011101110110011101111110
00000110100001001101100001000111
00000110100001001101100001001000
00000110100001001101100001001001
00000110100001001101100001001010
00000110100001001101100001001011
00000110100001001101100001001100
00000110100001001101100001001101
00000110100001001101100001001110
00000110100001001101100001001111
00000110100001001101100001010000
00000011101011111010101011110111
00000011101011111010101011111000
00000011101011111010101011111001
00000011101011111010101011111010
00000011101011111010101011111011
00000011101011111010101011111100
00000011101011111010101011111101
00000011101011111010101011111110
00000011101011111010101011111111
00000011101011111010101100000000
00000001010101110000010101101011
00000001010101110000010101101100
00000001010101110000010101101101
00000001010101110000010101101110
00000001010101110000010101101111
00000001010101110000010101110000
00000001010101110000010101110001
00000001010101110000010101110010
00000001010101110000010101110011
00000001010101110000010101110100
00000000100000100001100000011101
00000000100000100001100000011110
00000000100000100001100000011111
00000000100000100001100000100000
00000000100000100001100000100001
00000000100000100001100000100010
00000000100000100001100000100011
00000000100000100001100000100100
00000000100000100001100000100101
00000000100000100001100000100110
11111111111001110010111001101111
11111111111001110010111001110000
11111111111001110010111001110001
11111111111001110010111001110010
11111111111001110010111001110011
11111111111001110010111001110100
11111111111001110010111001110101
11111111111001110010111001110110
11111111111001110010111001110111
11111111111001110010111001111000
11111110111010010001111010001111
11111110111010010001111010010000
11111110111010010001111010010001
11111110111010010001111010010010
11111110111010010001111010010011
11111110111010010001111010010100
11111110111010010001111010010101
11111110111010010001111010010110
11111110111010010001111010010111
11111110111010010001111010011000
00000000110101111001110101110101
00000000110101111001110101110110
00000000110101111001110101110111
00000000110101111001110101111000
00000000110101111001110101111001
00000000110101111001110101111010
00000000110101111001110101111011
00000000110101111001110101111100
00000000110101111001110101111101
00000000110101111001110101111110
00000000111110111011111110111011
00000000111110111011111110111100
00000000111110111011111110111101
00000000111110111011111110111110
00000000111110111011111110111111
00000000111110111011111111000000
00000000111110111011111111000001
00000000111110111011111111000010
00000000111110111011111111000011
00000000111110111011111111000100
11111100011001100111011001100111
11111100011001100111011001101000
11111100011001100111011001101001
11111100011001100111011001101010
11111100011001100111011001101011
11111100011001100111011001101100
11111100011001100111011001101101
11111100011001100111011001101110
11111100011001100111011001101111
11111100011001100111011001110000
00000001111011100000111011011111
00000001111011100000111011100000
00000001111011100000111011100001
00000001111011100000111011100010
00000001111011100000111011100011
00000001111011100000111011100100
00000001111011100000111011100101
00000001111011100000111011100110
00000001111011100000111011100111
00000001111011100000111011101000
00000100011110100100011110100000
00000100011110100100011110100001
00000100011110100100011110100010
00000100011110100100011110100011
00000100011110100100011110100100
00000100011110100100011110100101
00000100011110100100011110100110
00000100011110100100011110100111
00000100011110100100011110101000
00000100011110100100011110101001
第三轮：
11111101110101100100110101100011
11111101110101100100110101100100
11111101110101100100110101100101
11111101110101100100110101100110
11111101110101100100110101100111
11111101110101100100110101101000
11111101110101100100110101101001
11111101110101100100110101101010
11111101110101100100110101101011
11111101110101100100110101101100
00000010100111100000100111011010
00000010100111100000100111011011
00000010100111100000100111011100
00000010100111100000100111011101
00000010100111100000100111011110
00000010100111100000100111011111
00000010100111100000100111100000
00000010100111100000100111100001
00000010100111100000100111100010
00000010100111100000100111100011
00000100100011110100100011110000
00000100100011110100100011110001
00000100100011110100100011110010
00000100100011110100100011110011
00000100100011110100100011110100
00000100100011110100100011110101
00000100100011110100100011110110
00000100100011110100100011110111
00000100100011110100100011111000
00000100100011110100100011111001
00000011001101100001001101011110
00000011001101100001001101011111
00000011001101100001001101100000
00000011001101100001001101100001
00000011001101100001001101100010
00000011001101100001001101100011
00000011001101100001001101100100
00000011001101100001001101100101
00000011001101100001001101100110
00000011001101100001001101100111
00000110100110011000100110010010
00000110100110011000100110010011
00000110100110011000100110010100
00000110100110011000100110010101
00000110100110011000100110010110
00000110100110011000100110010111
00000110100110011000100110011000
00000110100110011000100110011001
00000110100110011000100110011010
00000110100110011000100110011011
00000010000100001111000100001001
00000010000100001111000100001010
00000010000100001111000100001011
00000010000100001111000100001100
00000010000100001111000100001101
00000010000100001111000100001110
00000010000100001111000100001111
00000010000100001111000100010000
00000010000100001111000100010001
00000010000100001111000100010010
11111101100101010100100101010011
11111101100101010100100101010100
11111101100101010100100101010101
11111101100101010100100101010110
11111101100101010100100101010111
11111101100101010100100101011000
11111101100101010100100101011001
11111101100101010100100101011010
11111101100101010100100101011011
11111101100101010100100101011100
00000011111001011011111001010100
00000011111001011011111001010101
00000011111001011011111001010110
00000011111001011011111001010111
00000011111001011011111001011000
00000011111001011011111001011001
00000011111001011011111001011010
00000011111001011011111001011011
00000011111001011011111001011100
00000011111001011011111001011101
00000110100110001011100110000101
00000110100110001011100110000110
00000110100110001011100110000111
00000110100110001011100110001000
00000110100110001011100110001001
00000110100110001011100110001010
00000110100110001011100110001011
00000110100110001011100110001100
00000110100110001011100110001101
00000110100110001011100110001110
11111110001001000001001000111111
11111110001001000001001001000000
11111110001001000001001001000001
11111110001001000001001001000010
11111110001001000001001001000011
11111110001001000001001001000100
11111110001001000001001001000101
11111110001001000001001001000110
11111110001001000001001001000111
11111110001001000001001001001000
00000011110101011100110101010101
00000011110101011100110101010110
00000011110101011100110101010111
00000011110101011100110101011000
00000011110101011100110101011001
00000011110101011100110101011010
00000011110101011100110101011011
00000011110101011100110101011100
00000011110101011100110101011101
00000011110101011100110101011110
00000111111010010001111010001010
00000111111010010001111010001011
00000111111010010001111010001100
00000111111010010001111010001101
00000111111010010001111010001110
00000111111010010001111010001111
00000111111010010001111010010000
00000111111010010001111010010001
00000111111010010001111010010010
00000111111010010001111010010011
11111111001010100110001010100011
11111111001010100110001010100100
11111111001010100110001010100101
11111111001010100110001010100110
11111111001010100110001010100111
11111111001010100110001010101000
11111111001010100110001010101001
11111111001010100110001010101010
11111111001010100110001010101011
11111111001010100110001010101100
00000010111100101110111100101000
00000010111100101110111100101001
00000010111100101110111100101010
00000010111100101110111100101011
00000010111100101110111100101100
00000010111100101110111100101101
00000010111100101110111100101110
00000010111100101110111100101111
00000010111100101110111100110000
00000010111100101110111100110001
00000000110100010101110100010001
00000000110100010101110100010010
00000000110100010101110100010011
00000000110100010101110100010100
00000000110100010101110100010101
00000000110100010101110100010110
00000000110100010101110100010111
00000000110100010101110100011000
00000000110100010101110100011001
00000000110100010101110100011010
11111101110111110010110111110001
11111101110111110010110111110010
11111101110111110010110111110011
11111101110111110010110111110100
11111101110111110010110111110101
11111101110111110010110111110110
11111101110111110010110111110111
11111101110111110010110111111000
11111101110111110010110111111001
11111101110111110010110111111010
00000101011101011111011101011010
00000101011101011111011101011011
00000101011101011111011101011100
00000101011101011111011101011101
00000101011101011111011101011110
00000101011101011111011101011111
00000101011101011111011101100000
00000101011101011111011101100001
00000101011101011111011101100010
00000101011101011111011101100011
11111100111010010111111010010111
11111100111010010111111010011000
11111100111010010111111010011001
11111100111010010111111010011010
11111100111010010111111010011011
11111100111010010111111010011100
11111100111010010111111010011101
11111100111010010111111010011110
11111100111010010111111010011111
11111100111010010111111010100000
00000010111011101000111011100110
00000010111011101000111011100111
00000010111011101000111011101000
00000010111011101000111011101001
00000010111011101000111011101010
00000010111011101000111011101011
00000010111011101000111011101100
00000010111011101000111011101101
00000010111011101000111011101110
00000010111011101000111011101111
11111110011011011101011011011011
11111110011011011101011011011100
11111110011011011101011011011101
11111110011011011101011011011110
11111110011011011101011011011111
11111110011011011101011011100000
11111110011011011101011011100001
11111110011011011101011011100010
11111110011011011101011011100011
11111110011011011101011011100100
00000110110110100001110110011011
00000110110110100001110110011100
00000110110110100001110110011101
00000110110110100001110110011110
00000110110110100001110110011111
00000110110110100001110110100000
00000110110110100001110110100001
00000110110110100001110110100010
00000110110110100001110110100011
00000110110110100001110110100100
00000000011100000000011100000000
00000000011100000000011100000001
00000000011100000000011100000010
00000000011100000000011100000011
00000000011100000000011100000100
00000000011100000000011100000101
00000000011100000000011100000110
00000000011100000000011100000111
00000000011100000000011100001000
00000000011100000000011100001001
00000010010111110111010111110101
00000010010111110111010111110110
00000010010111110111010111110111
00000010010111110111010111111000
00000010010111110111010111111001
00000010010111110111010111111010
00000010010111110111010111111011
00000010010111110111010111111100
00000010010111110111010111111101
00000010010111110111010111111110
00000000011010000100011010000000
00000000011010000100011010000001
00000000011010000100011010000010
00000000011010000100011010000011
00000000011010000100011010000100
00000000011010000100011010000101
00000000011010000100011010000110
00000000011010000100011010000111
00000000011010000100011010001000
00000000011010000100011010001001
00000010010101011011010101011001
00000010010101011011010101011010
00000010010101011011010101011011
00000010010101011011010101011100
00000010010101011011010101011101
00000010010101011011010101011110
00000010010101011011010101011111
00000010010101011011010101100000
00000010010101011011010101100001
00000010010101011011010101100010
00000110100100000101100011111111
00000110100100000101100100000000
00000110100100000101100100000001
00000110100100000101100100000010
00000110100100000101100100000011
00000110100100000101100100000100
00000110100100000101100100000101
00000110100100000101100100000110
00000110100100000101100100000111
00000110100100000101100100001000
11111111000010101001000010100110
11111111000010101001000010100111
11111111000010101001000010101000
11111111000010101001000010101001
11111111000010101001000010101010
11111111000010101001000010101011
11111111000010101001000010101100
11111111000010101001000010101101
11111111000010101001000010101110
11111111000010101001000010101111
11111101111101111110111101111101
11111101111101111110111101111110
11111101111101111110111101111111
11111101111101111110111110000000
11111101111101111110111110000001
11111101111101111110111110000010
11111101111101111110111110000011
11111101111101111110111110000100
11111101111101111110111110000101
11111101111101111110111110000110
00000010111100010100111100001110
00000010111100010100111100001111
00000010111100010100111100010000
00000010111100010100111100010001
00000010111100010100111100010010
00000010111100010100111100010011
00000010111100010100111100010100
00000010111100010100111100010101
00000010111100010100111100010110
00000010111100010100111100010111
00000010100111010001100111001111
00000010100111010001100111010000
00000010100111010001100111010001
00000010100111010001100111010010
00000010100111010001100111010011
00000010100111010001100111010100
00000010100111010001100111010101
00000010100111010001100111010110
00000010100111010001100111010111
00000010100111010001100111011000
00000111011100101011011100100100
00000111011100101011011100100101
00000111011100101011011100100110
00000111011100101011011100100111
00000111011100101011011100101000
00000111011100101011011100101001
00000111011100101011011100101010
00000111011100101011011100101011
00000111011100101011011100101100
00000111011100101011011100101101
00000110110001010110110001010000
00000110110001010110110001010001
00000110110001010110110001010010
00000110110001010110110001010011
00000110110001010110110001010100
00000110110001010110110001010101
00000110110001010110110001010110
00000110110001010110110001010111
00000110110001010110110001011000
00000110110001010110110001011001
11111111001000111000001000110101
11111111001000111000001000110110
11111111001000111000001000110111
11111111001000111000001000111000
11111111001000111000001000111001
11111111001000111000001000111010
11111111001000111000001000111011
11111111001000111000001000111100
11111111001000111000001000111101
11111111001000111000001000111110
00000000110111010100110111010100
00000000110111010100110111010101
00000000110111010100110111010110
00000000110111010100110111010111
00000000110111010100110111011000
00000000110111010100110111011001
00000000110111010100110111011010
00000000110111010100110111011011
00000000110111010100110111011100
00000000110111010100110111011101
11111100100111011100100111011100
11111100100111011100100111011101
11111100100111011100100111011110
11111100100111011100100111011111
11111100100111011100100111100000
11111100100111011100100111100001
11111100100111011100100111100010
11111100100111011100100111100011
11111100100111011100100111100100
11111100100111011100100111100101
11111111000111100000000111011101
11111111000111100000000111011110
11111111000111100000000111011111
11111111000111100000000111100000
11111111000111100000000111100001
11111111000111100000000111100010
11111111000111100000000111100011
11111111000111100000000111100100
11111111000111100000000111100101
11111111000111100000000111100110
00000001001111010010001111010001
00000001001111010010001111010010
00000001001111010010001111010011
00000001001111010010001111010100
00000001001111010010001111010101
00000001001111010010001111010110
00000001001111010010001111010111
00000001001111010010001111011000
00000001001111010010001111011001
00000001001111010010001111011010
11111110001100010100001100010010
11111110001100010100001100010011
11111110001100010100001100010100
11111110001100010100001100010101
11111110001100010100001100010110
11111110001100010100001100010111
11111110001100010100001100011000
11111110001100010100001100011001
11111110001100010100001100011010
11111110001100010100001100011011
00000011000000000101000000000010
00000011000000000101000000000011
00000011000000000101000000000100
00000011000000000101000000000101
00000011000000000101000000000110
00000011000000000101000000000111
00000011000000000101000000001000
00000011000000000101000000001001
00000011000000000101000000001010
00000011000000000101000000001011
11111100000111101100000111101100
11111100000111101100000111101101
11111100000111101100000111101110
11111100000111101100000111101111
11111100000111101100000111110000
11111100000111101100000111110001
11111100000111101100000111110010
11111100000111101100000111110011
11111100000111101100000111110100
11111100000111101100000111110101
00000000110011101001110011100101
00000000110011101001110011100110
00000000110011101001110011100111
00000000110011101001110011101000
00000000110011101001110011101001
00000000110011101001110011101010
00000000110011101001110011101011
00000000110011101001110011101100
00000000110011101001110011101101
00000000110011101001110011101110
00000000101110110111101110110011
00000000101110110111101110110100
00000000101110110111101110110101
00000000101110110111101110110110
00000000101110110111101110110111
00000000101110110111101110111000
00000000101110110111101110111001
00000000101110110111101110111010
00000000101110110111101110111011
00000000101110110111101110111100
00000100011000010000011000001100
00000100011000010000011000001101
00000100011000010000011000001110
00000100011000010000011000001111
00000100011000010000011000010000
00000100011000010000011000010001
00000100011000010000011000010010
00000100011000010000011000010011
00000100011000010000011000010100
00000100011000010000011000010101
00000100110110101101110110101001
00000100110110101101110110101010
00000100110110101101110110101011
00000100110110101101110110101100
00000100110110101101110110101101
00000100110110101101110110101110
00000100110110101101110110101111
00000100110110101101110110110000
00000100110110101101110110110001
00000100110110101101110110110010
00000001000011111011000011111010
00000001000011111011000011111011
00000001000011111011000011111100
00000001000011111011000011111101
00000001000011111011000011111110
00000001000011111011000011111111
00000001000011111011000100000000
00000001000011111011000100000001
00000001000011111011000100000010
00000001000011111011000100000011
00000101100010001010100010000101
00000101100010001010100010000110
00000101100010001010100010000111
00000101100010001010100010001000
00000101100010001010100010001001
00000101100010001010100010001010
00000101100010001010100010001011
00000101100010001010100010001100
00000101100010001010100010001101
00000101100010001010100010001110
11111110110000110111110000110101
11111110110000110111110000110110
11111110110000110111110000110111
11111110110000110111110000111000
11111110110000110111110000111001
11111110110000110111110000111010
11111110110000110111110000111011
11111110110000110111110000111100
11111110110000110111110000111101
11111110110000110111110000111110
00000000100000100110100000100010
00000000100000100110100000100011
00000000100000100110100000100100
00000000100000100110100000100101
00000000100000100110100000100110
00000000100000100110100000100111
00000000100000100110100000101000
00000000100000100110100000101001
00000000100000100110100000101010
00000000100000100110100000101011
00000000010010011100010010011100
00000000010010011100010010011101
00000000010010011100010010011110
00000000010010011100010010011111
00000000010010011100010010100000
00000000010010011100010010100001
00000000010010011100010010100010
00000000010010011100010010100011
00000000010010011100010010100100
00000000010010011100010010100101
11111111001101111100001101111001
11111111001101111100001101111010
11111111001101111100001101111011
11111111001101111100001101111100
11111111001101111100001101111101
11111111001101111100001101111110
11111111001101111100001101111111
11111111001101111100001110000000
11111111001101111100001110000001
11111111001101111100001110000010
