第一轮：
00000000010110100110011010010100
00000000010110100110011010010101
00000000010110100110011010010110
00000000010110100110011010010111
00000000010110100110011010011000
00000000010110100110011010011001
00000000010110100110011010011010
00000000010110100110011010011011
00000000010110100110011010011100
00000000010110100110011010011101
11111111110001100011010101110001
11111111110001100011010101110010
11111111110001100011010101110011
11111111110001100011010101110100
11111111110001100011010101110101
11111111110001100011010101110110
11111111110001100011010101110111
11111111110001100011010101111000
11111111110001100011010101111001
11111111110001100011010101111010
00000001011101001001110100010000
00000001011101001001110100010001
00000001011101001001110100010010
00000001011101001001110100010011
00000001011101001001110100010100
00000001011101001001110100010101
00000001011101001001110100010110
00000001011101001001110100010111
00000001011101001001110100011000
00000001011101001001110100011001
11111110111010111110001011101010
11111110111010111110001011101011
11111110111010111110001011101100
11111110111010111110001011101101
11111110111010111110001011101110
11111110111010111110001011101111
11111110111010111110001011110000
11111110111010111110001011110001
11111110111010111110001011110010
11111110111010111110001011110011
11111110110111001010001100011011
11111110110111001010001100011100
11111110110111001010001100011101
11111110110111001010001100011110
11111110110111001010001100011111
11111110110111001010001100100000
11111110110111001010001100100001
11111110110111001010001100100010
11111110110111001010001100100011
11111110110111001010001100100100
11111110110101010101010101001000
11111110110101010101010101001001
11111110110101010101010101001010
11111110110101010101010101001011
11111110110101010101010101001100
11111110110101010101010101001101
11111110110101010101010101001110
11111110110101010101010101001111
11111110110101010101010101010000
11111110110101010101010101010001
11111111100001100000100101101010
11111111100001100000100101101011
11111111100001100000100101101100
11111111100001100000100101101101
11111111100001100000100101101110
11111111100001100000100101101111
11111111100001100000100101110000
11111111100001100000100101110001
11111111100001100000100101110010
11111111100001100000100101110011
11111111101100001100100000010111
11111111101100001100100000011000
11111111101100001100100000011001
11111111101100001100100000011010
11111111101100001100100000011011
11111111101100001100100000011100
11111111101100001100100000011101
11111111101100001100100000011110
11111111101100001100100000011111
11111111101100001100100000100000
11111111110110001010011000001100
11111111110110001010011000001101
11111111110110001010011000001110
11111111110110001010011000001111
11111111110110001010011000010000
11111111110110001010011000010001
11111111110110001010011000010010
11111111110110001010011000010011
11111111110110001010011000010100
11111111110110001010011000010101
00000000001101000000000011111101
00000000001101000000000011111110
00000000001101000000000011111111
00000000001101000000000100000000
00000000001101000000000100000001
00000000001101000000000100000010
00000000001101000000000100000011
00000000001101000000000100000100
00000000001101000000000100000101
00000000001101000000000100000110
11111111101100000101101111111100
11111111101100000101101111111101
11111111101100000101101111111110
11111111101100000101101111111111
11111111101100000101110000000000
11111111101100000101110000000001
11111111101100000101110000000010
11111111101100000101110000000011
11111111101100000101110000000100
11111111101100000101110000000101
00000000000011111100001111110000
00000000000011111100001111110001
00000000000011111100001111110010
00000000000011111100001111110011
00000000000011111100001111110100
00000000000011111100001111110101
00000000000011111100001111110110
00000000000011111100001111110111
00000000000011111100001111111000
00000000000011111100001111111001
11111110110101000001000011110111
11111110110101000001000011111000
11111110110101000001000011111001
11111110110101000001000011111010
11111110110101000001000011111011
11111110110101000001000011111100
11111110110101000001000011111101
11111110110101000001000011111110
11111110110101000001000011111111
11111110110101000001000100000000
00000000100111101100001110100111
00000000100111101100001110101000
00000000100111101100001110101001
00000000100111101100001110101010
00000000100111101100001110101011
00000000100111101100001110101100
00000000100111101100001110101101
00000000100111101100001110101110
00000000100111101100001110101111
00000000100111101100001110110000
11111111101101101001100110001011
11111111101101101001100110001100
11111111101101101001100110001101
11111111101101101001100110001110
11111111101101101001100110001111
11111111101101101001100110010000
11111111101101101001100110010001
11111111101101101001100110010010
11111111101101101001100110010011
11111111101101101001100110010100
00000000001010010100001001001110
00000000001010010100001001001111
00000000001010010100001001010000
00000000001010010100001001010001
00000000001010010100001001010010
00000000001010010100001001010011
00000000001010010100001001010100
00000000001010010100001001010101
00000000001010010100001001010110
00000000001010010100001001010111
11111111010011100001011101110001
11111111010011100001011101110010
11111111010011100001011101110011
11111111010011100001011101110100
11111111010011100001011101110101
11111111010011100001011101110110
11111111010011100001011101110111
11111111010011100001011101111000
11111111010011100001011101111001
11111111010011100001011101111010
00000001000010100011101001111110
00000001000010100011101001111111
00000001000010100011101010000000
00000001000010100011101010000001
00000001000010100011101010000010
00000001000010100011101010000011
00000001000010100011101010000100
00000001000010100011101010000101
00000001000010100011101010000110
00000001000010100011101010000111
00000001110110001110011000011100
00000001110110001110011000011101
00000001110110001110011000011110
00000001110110001110011000011111
00000001110110001110011000100000
00000001110110001110011000100001
00000001110110001110011000100010
00000001110110001110011000100011
00000001110110001110011000100100
00000001110110001110011000100101
00000001000000011111000001101100
00000001000000011111000001101101
00000001000000011111000001101110
00000001000000011111000001101111
00000001000000011111000001110000
00000001000000011111000001110001
00000001000000011111000001110010
00000001000000011111000001110011
00000001000000011111000001110100
00000001000000011111000001110101
00000001010101101001110110010010
00000001010101101001110110010011
00000001010101101001110110010100
00000001010101101001110110010101
00000001010101101001110110010110
00000001010101101001110110010111
00000001010101101001110110011000
00000001010101101001110110011001
00000001010101101001110110011010
00000001010101101001110110011011
00000000000011011000011101100001
00000000000011011000011101100010
00000000000011011000011101100011
00000000000011011000011101100100
00000000000011011000011101100101
00000000000011011000011101100110
00000000000011011000011101100111
00000000000011011000011101101000
00000000000011011000011101101001
00000000000011011000011101101010
11111111100011100100111101111011
11111111100011100100111101111100
11111111100011100100111101111101
11111111100011100100111101111110
11111111100011100100111101111111
11111111100011100100111110000000
11111111100011100100111110000001
11111111100011100100111110000010
11111111100011100100111110000011
11111111100011100100111110000100
00000001000011011110101101101010
00000001000011011110101101101011
00000001000011011110101101101100
00000001000011011110101101101101
00000001000011011110101101101110
00000001000011011110101101101111
00000001000011011110101101110000
00000001000011011110101101110001
00000001000011011110101101110010
00000001000011011110101101110011
00000000011010011111011001110111
00000000011010011111011001111000
00000000011010011111011001111001
00000000011010011111011001111010
00000000011010011111011001111011
00000000011010011111011001111100
00000000011010011111011001111101
00000000011010011111011001111110
00000000011010011111011001111111
00000000011010011111011010000000
11111111100011011010001101010000
11111111100011011010001101010001
11111111100011011010001101010010
11111111100011011010001101010011
11111111100011011010001101010100
11111111100011011010001101010101
11111111100011011010001101010110
11111111100011011010001101010111
11111111100011011010001101011000
11111111100011011010001101011001
11111110011111101111001110110101
11111110011111101111001110110110
11111110011111101111001110110111
11111110011111101111001110111000
11111110011111101111001110111001
11111110011111101111001110111010
11111110011111101111001110111011
11111110011111101111001110111100
11111110011111101111001110111101
11111110011111101111001110111110
00000000111110110110011011001010
00000000111110110110011011001011
00000000111110110110011011001100
00000000111110110110011011001101
00000000111110110110011011001110
00000000111110110110011011001111
00000000111110110110011011010000
00000000111110110110011011010001
00000000111110110110011011010010
00000000111110110110011011010011
11111110100010110010101011000010
11111110100010110010101011000011
11111110100010110010101011000100
11111110100010110010101011000101
11111110100010110010101011000110
11111110100010110010101011000111
11111110100010110010101011001000
11111110100010110010101011001001
11111110100010110010101011001010
11111110100010110010101011001011
00000000101000111111000011110010
00000000101000111111000011110011
00000000101000111111000011110100
00000000101000111111000011110101
00000000101000111111000011110110
00000000101000111111000011110111
00000000101000111111000011111000
00000000101000111111000011111001
00000000101000111111000011111010
00000000101000111111000011111011
00000001101111101110011110011110
00000001101111101110011110011111
00000001101111101110011110100000
00000001101111101110011110100001
00000001101111101110011110100010
00000001101111101110011110100011
00000001101111101110011110100100
00000001101111101110011110100101
00000001101111101110011110100110
00000001101111101110011110100111
11111110101111000000011011110110
11111110101111000000011011110111
11111110101111000000011011111000
11111110101111000000011011111001
11111110101111000000011011111010
11111110101111000000011011111011
11111110101111000000011011111100
11111110101111000000011011111101
11111110101111000000011011111110
11111110101111000000011011111111
11111111100111001011101100010101
11111111100111001011101100010110
11111111100111001011101100010111
11111111100111001011101100011000
11111111100111001011101100011001
11111111100111001011101100011010
11111111100111001011101100011011
11111111100111001011101100011100
11111111100111001011101100011101
11111111100111001011101100011110
11111111110011001011001100010000
11111111110011001011001100010001
11111111110011001011001100010010
11111111110011001011001100010011
11111111110011001011001100010100
11111111110011001011001100010101
11111111110011001011001100010110
11111111110011001011001100010111
11111111110011001011001100011000
11111111110011001011001100011001
11111111010001011000000101001100
11111111010001011000000101001101
11111111010001011000000101001110
11111111010001011000000101001111
11111111010001011000000101010000
11111111010001011000000101010001
11111111010001011000000101010010
11111111010001011000000101010011
11111111010001011000000101010100
11111111010001011000000101010101
00000000110011110001001110111000
00000000110011110001001110111001
00000000110011110001001110111010
00000000110011110001001110111011
00000000110011110001001110111100
00000000110011110001001110111101
00000000110011110001001110111110
00000000110011110001001110111111
00000000110011110001001111000000
00000000110011110001001111000001
00000000111110101010101010011011
00000000111110101010101010011100
00000000111110101010101010011101
00000000111110101010101010011110
00000000111110101010101010011111
00000000111110101010101010100000
00000000111110101010101010100001
00000000111110101010101010100010
00000000111110101010101010100011
00000000111110101010101010100100
00000001010011001011001100011000
00000001010011001011001100011001
00000001010011001011001100011010
00000001010011001011001100011011
00000001010011001011001100011100
00000001010011001011001100011101
00000001010011001011001100011110
00000001010011001011001100011111
00000001010011001011001100100000
00000001010011001011001100100001
00000001101010101101001010011010
00000001101010101101001010011011
00000001101010101101001010011100
00000001101010101101001010011101
00000001101010101101001010011110
00000001101010101101001010011111
00000001101010101101001010100000
00000001101010101101001010100001
00000001101010101101001010100010
00000001101010101101001010100011
11111111110010110111001011000000
11111111110010110111001011000001
11111111110010110111001011000010
11111111110010110111001011000011
11111111110010110111001011000100
11111111110010110111001011000101
11111111110010110111001011000110
11111111110010110111001011000111
11111111110010110111001011001000
11111111110010110111001011001001
11111111010101100101000101111111
11111111010101100101000110000000
11111111010101100101000110000001
11111111010101100101000110000010
11111111010101100101000110000011
11111111010101100101000110000100
11111111010101100101000110000101
11111111010101100101000110000110
11111111010101100101000110000111
11111111010101100101000110001000
00000001110111101110001110011011
00000001110111101110001110011100
00000001110111101110001110011101
00000001110111101110001110011110
00000001110111101110001110011111
00000001110111101110001110100000
00000001110111101110001110100001
00000001110111101110001110100010
00000001110111101110001110100011
00000001110111101110001110100100
00000000000111101010001110100111
00000000000111101010001110101000
00000000000111101010001110101001
00000000000111101010001110101010
00000000000111101010001110101011
00000000000111101010001110101100
00000000000111101010001110101101
00000000000111101010001110101110
00000000000111101010001110101111
00000000000111101010001110110000
00000000001010001000111000100001
00000000001010001000111000100010
00000000001010001000111000100011
00000000001010001000111000100100
00000000001010001000111000100101
00000000001010001000111000100110
00000000001010001000111000100111
00000000001010001000111000101000
00000000001010001000111000101001
00000000001010001000111000101010
00000000110011011111101101110010
00000000110011011111101101110011
00000000110011011111101101110100
00000000110011011111101101110101
00000000110011011111101101110110
00000000110011011111101101110111
00000000110011011111101101111000
00000000110011011111101101111001
00000000110011011111101101111010
00000000110011011111101101111011
11111111100110111010001011001111
11111111100110111010001011010000
11111111100110111010001011010001
11111111100110111010001011010010
11111111100110111010001011010011
11111111100110111010001011010100
11111111100110111010001011010101
11111111100110111010001011010110
11111111100110111010001011010111
11111111100110111010001011011000
00000000101001010111100101010100
00000000101001010111100101010101
00000000101001010111100101010110
00000000101001010111100101010111
00000000101001010111100101011000
00000000101001010111100101011001
00000000101001010111100101011010
00000000101001010111100101011011
00000000101001010111100101011100
00000000101001010111100101011101
11111110010010110110001011010100
11111110010010110110001011010101
11111110010010110110001011010110
11111110010010110110001011010111
11111110010010110110001011011000
11111110010010110110001011011001
11111110010010110110001011011010
11111110010010110110001011011011
11111110010010110110001011011100
11111110010010110110001011011101
00000001010010001111011000101001
00000001010010001111011000101010
00000001010010001111011000101011
00000001010010001111011000101100
00000001010010001111011000101101
00000001010010001111011000101110
00000001010010001111011000101111
00000001010010001111011000110000
00000001010010001111011000110001
00000001010010001111011000110010
11111111001001001000000100001110
11111111001001001000000100001111
11111111001001001000000100010000
11111111001001001000000100010001
11111111001001001000000100010010
11111111001001001000000100010011
11111111001001001000000100010100
11111111001001001000000100010101
11111111001001001000000100010110
11111111001001001000000100010111
第二轮：
11111110011011001001001100011110
11111110011011001001001100011111
11111110011011001001001100100000
11111110011011001001001100100001
11111110011011001001001100100010
11111110011011001001001100100011
11111110011011001001001100100100
11111110011011001001001100100101
11111110011011001001001100100110
11111110011011001001001100100111
00000000010110110111111011011010
00000000010110110111111011011011
00000000010110110111111011011100
00000000010110110111111011011101
00000000010110110111111011011110
00000000010110110111111011011111
00000000010110110111111011100000
00000000010110110111111011100001
00000000010110110111111011100010
00000000010110110111111011100011
00000001110111101101111110011010
00000001110111101101111110011011
00000001110111101101111110011100
00000001110111101101111110011101
00000001110111101101111110011110
00000001110111101101111110011111
00000001110111101101111110100000
00000001110111101101111110100001
00000001110111101101111110100010
00000001110111101101111110100011
00000001110011011001111101001011
00000001110011011001111101001100
00000001110011011001111101001101
00000001110011011001111101001110
00000001110011011001111101001111
00000001110011011001111101010000
00000001110011011001111101010001
00000001110011011001111101010010
00000001110011011001111101010011
00000001110011011001111101010100
11111110000001011100110101110011
11111110000001011100110101110100
11111110000001011100110101110101
11111110000001011100110101110110
11111110000001011100110101110111
11111110000001011100110101111000
11111110000001011100110101111001
11111110000001011100110101111010
11111110000001011100110101111011
11111110000001011100110101111100
00000000011001100100100110001100
00000000011001100100100110001101
00000000011001100100100110001110
00000000011001100100100110001111
00000000011001100100100110010000
00000000011001100100100110010001
00000000011001100100100110010010
00000000011001100100100110010011
00000000011001100100100110010100
00000000011001100100100110010101
00000001110001100010100101101110
00000001110001100010100101101111
00000001110001100010100101110000
00000001110001100010100101110001
00000001110001100010100101110010
00000001110001100010100101110011
00000001110001100010100101110100
00000001110001100010100101110101
00000001110001100010100101110110
00000001110001100010100101110111
00000000100011101110101110110010
00000000100011101110101110110011
00000000100011101110101110110100
00000000100011101110101110110101
00000000100011101110101110110110
00000000100011101110101110110111
00000000100011101110101110111000
00000000100011101110101110111001
00000000100011101110101110111010
00000000100011101110101110111011
11111110100110011110001001101111
11111110100110011110001001110000
11111110100110011110001001110001
11111110100110011110001001110010
11111110100110011110001001110011
11111110100110011110001001110100
11111110100110011110001001110101
11111110100110011110001001110110
11111110100110011110001001110111
11111110100110011110001001111000
00000001111100111100000011010001
00000001111100111100000011010010
00000001111100111100000011010011
00000001111100111100000011010100
00000001111100111100000011010101
00000001111100111100000011010110
00000001111100111100000011010111
00000001111100111100000011011000
00000001111100111100000011011001
00000001111100111100000011011010
11111110100010010100001001001000
11111110100010010100001001001001
11111110100010010100001001001010
11111110100010010100001001001011
11111110100010010100001001001100
11111110100010010100001001001101
11111110100010010100001001001110
11111110100010010100001001001111
11111110100010010100001001010000
11111110100010010100001001010001
11111111100100100001110001101110
11111111100100100001110001101111
11111111100100100001110001110000
11111111100100100001110001110001
11111111100100100001110001110010
11111111100100100001110001110011
11111111100100100001110001110100
11111111100100100001110001110101
11111111100100100001110001110110
11111111100100100001110001110111
11111111001000111000010011001111
11111111001000111000010011010000
11111111001000111000010011010001
11111111001000111000010011010010
11111111001000111000010011010011
11111111001000111000010011010100
11111111001000111000010011010101
11111111001000111000010011010110
11111111001000111000010011010111
11111111001000111000010011011000
11111111000110010001111000110110
11111111000110010001111000110111
11111111000110010001111000111000
11111111000110010001111000111001
11111111000110010001111000111010
11111111000110010001111000111011
11111111000110010001111000111100
11111111000110010001111000111101
11111111000110010001111000111110
11111111000110010001111000111111
00000000010101001110000100110011
00000000010101001110000100110100
00000000010101001110000100110101
00000000010101001110000100110110
00000000010101001110000100110111
00000000010101001110000100111000
00000000010101001110000100111001
00000000010101001110000100111010
00000000010101001110000100111011
00000000010101001110000100111100
00000000111001111111100111110000
00000000111001111111100111110001
00000000111001111111100111110010
00000000111001111111100111110011
00000000111001111111100111110100
00000000111001111111100111110101
00000000111001111111100111110110
00000000111001111111100111110111
00000000111001111111100111111000
00000000111001111111100111111001
00000000111001100111100110010000
00000000111001100111100110010001
00000000111001100111100110010010
00000000111001100111100110010011
00000000111001100111100110010100
00000000111001100111100110010101
00000000111001100111100110010110
00000000111001100111100110010111
00000000111001100111100110011000
00000000111001100111100110011001
00000000111111101111111110110000
00000000111111101111111110110001
00000000111111101111111110110010
00000000111111101111111110110011
00000000111111101111111110110100
00000000111111101111111110110101
00000000111111101111111110110110
00000000111111101111111110110111
00000000111111101111111110111000
00000000111111101111111110111001
11111111011100110101110011000000
11111111011100110101110011000001
11111111011100110101110011000010
11111111011100110101110011000011
11111111011100110101110011000100
11111111011100110101110011000101
11111111011100110101110011000110
11111111011100110101110011000111
11111111011100110101110011001000
11111111011100110101110011001001
00000000001100010100000001001101
00000000001100010100000001001110
00000000001100010100000001001111
00000000001100010100000001010000
00000000001100010100000001010001
00000000001100010100000001010010
00000000001100010100000001010011
00000000001100010100000001010100
00000000001100010100000001010101
00000000001100010100000001010110
11111111101010100011111001110101
11111111101010100011111001110110
11111111101010100011111001110111
11111111101010100011111001111000
11111111101010100011111001111001
11111111101010100011111001111010
11111111101010100011111001111011
11111111101010100011111001111100
11111111101010100011111001111101
11111111101010100011111001111110
11111111111010001101001000010110
11111111111010001101001000010111
11111111111010001101001000011000
11111111111010001101001000011001
11111111111010001101001000011010
11111111111010001101001000011011
11111111111010001101001000011100
11111111111010001101001000011101
11111111111010001101001000011110
11111111111010001101001000011111
11111110101001100011100110000100
11111110101001100011100110000101
11111110101001100011100110000110
11111110101001100011100110000111
11111110101001100011100110001000
11111110101001100011100110001001
11111110101001100011100110001010
11111110101001100011100110001011
11111110101001100011100110001100
11111110101001100011100110001101
11111111110001110111010111000001
11111111110001110111010111000010
11111111110001110111010111000011
11111111110001110111010111000100
11111111110001110111010111000101
11111111110001110111010111000110
11111111110001110111010111000111
11111111110001110111010111001000
11111111110001110111010111001001
11111111110001110111010111001010
00000000001100100001110010000100
00000000001100100001110010000101
00000000001100100001110010000110
00000000001100100001110010000111
00000000001100100001110010001000
00000000001100100001110010001001
00000000001100100001110010001010
00000000001100100001110010001011
00000000001100100001110010001100
00000000001100100001110010001101
00000001011111101110111110100100
00000001011111101110111110100101
00000001011111101110111110100110
00000001011111101110111110100111
00000001011111101110111110101000
00000001011111101110111110101001
00000001011111101110111110101010
00000001011111101110111110101011
00000001011111101110111110101100
00000001011111101110111110101101
11111111110000101101000010011000
11111111110000101101000010011001
11111111110000101101000010011010
11111111110000101101000010011011
11111111110000101101000010011100
11111111110000101101000010011101
11111111110000101101000010011110
11111111110000101101000010011111
11111111110000101101000010100000
11111111110000101101000010100001
00000000001001001010100100101000
00000000001001001010100100101001
00000000001001001010100100101010
00000000001001001010100100101011
00000000001001001010100100101100
00000000001001001010100100101101
00000000001001001010100100101110
00000000001001001010100100101111
00000000001001001010100100110000
00000000001001001010100100110001
00000000111110100110001010001001
00000000111110100110001010001010
00000000111110100110001010001011
00000000111110100110001010001100
00000000111110100110001010001101
00000000111110100110001010001110
00000000111110100110001010001111
00000000111110100110001010010000
00000000111110100110001010010001
00000000111110100110001010010010
11111111010110100011111001111010
11111111010110100011111001111011
11111111010110100011111001111100
11111111010110100011111001111101
11111111010110100011111001111110
11111111010110100011111001111111
11111111010110100011111010000000
11111111010110100011111010000001
11111111010110100011111010000010
11111111010110100011111010000011
00000000100010001000001000011000
00000000100010001000001000011001
00000000100010001000001000011010
00000000100010001000001000011011
00000000100010001000001000011100
00000000100010001000001000011101
00000000100010001000001000011110
00000000100010001000001000011111
00000000100010001000001000100000
00000000100010001000001000100001
00000001100100100111000010000011
00000001100100100111000010000100
00000001100100100111000010000101
00000001100100100111000010000110
00000001100100100111000010000111
00000001100100100111000010001000
00000001100100100111000010001001
00000001100100100111000010001010
00000001100100100111000010001011
00000001100100100111000010001100
00000001001011101001001110010010
00000001001011101001001110010011
00000001001011101001001110010100
00000001001011101001001110010101
00000001001011101001001110010110
00000001001011101001001110010111
00000001001011101001001110011000
00000001001011101001001110011001
00000001001011101001001110011010
00000001001011101001001110011011
11111111110011001101111100011011
11111111110011001101111100011100
11111111110011001101111100011101
11111111110011001101111100011110
11111111110011001101111100011111
11111111110011001101111100100000
11111111110011001101111100100001
11111111110011001101111100100010
11111111110011001101111100100011
11111111110011001101111100100100
00000001101111101111111110100100
00000001101111101111111110100101
00000001101111101111111110100110
00000001101111101111111110100111
00000001101111101111111110101000
00000001101111101111111110101001
00000001101111101111111110101010
00000001101111101111111110101011
00000001101111101111111110101100
00000001101111101111111110101101
00000000000011011110011101111001
00000000000011011110011101111010
00000000000011011110011101111011
00000000000011011110011101111100
00000000000011011110011101111101
00000000000011011110011101111110
00000000000011011110011101111111
00000000000011011110011110000000
00000000000011011110011110000001
00000000000011011110011110000010
00000001111001100011110101110001
00000001111001100011110101110010
00000001111001100011110101110011
00000001111001100011110101110100
00000001111001100011110101110101
00000001111001100011110101110110
00000001111001100011110101110111
00000001111001100011110101111000
00000001111001100011110101111001
00000001111001100011110101111010
00000000111010111111001011101110
00000000111010111111001011101111
00000000111010111111001011110000
00000000111010111111001011110001
00000000111010111111001011110010
00000000111010111111001011110011
00000000111010111111001011110100
00000000111010111111001011110101
00000000111010111111001011110110
00000000111010111111001011110111
00000000100010111010101011100010
00000000100010111010101011100011
00000000100010111010101011100100
00000000100010111010101011100101
00000000100010111010101011100110
00000000100010111010101011100111
00000000100010111010101011101000
00000000100010111010101011101001
00000000100010111010101011101010
00000000100010111010101011101011
11111111011101111010110111010100
11111111011101111010110111010101
11111111011101111010110111010110
11111111011101111010110111010111
11111111011101111010110111011000
11111111011101111010110111011001
11111111011101111010110111011010
11111111011101111010110111011011
11111111011101111010110111011100
11111111011101111010110111011101
00000001100111010101101100111101
00000001100111010101101100111110
00000001100111010101101100111111
00000001100111010101101101000000
00000001100111010101101101000001
00000001100111010101101101000010
00000001100111010101101101000011
00000001100111010101101101000100
00000001100111010101101101000101
00000001100111010101101101000110
11111111110110110111101011000001
11111111110110110111101011000010
11111111110110110111101011000011
11111111110110110111101011000100
11111111110110110111101011000101
11111111110110110111101011000110
11111111110110110111101011000111
11111111110110110111101011001000
11111111110110110111101011001001
11111111110110110111101011001010
00000000000011111110101111111010
00000000000011111110101111111011
00000000000011111110101111111100
00000000000011111110101111111101
00000000000011111110101111111110
00000000000011111110101111111111
00000000000011111110110000000000
00000000000011111110110000000001
00000000000011111110110000000010
00000000000011111110110000000011
11111111111110000111111000000000
11111111111110000111111000000001
11111111111110000111111000000010
11111111111110000111111000000011
11111111111110000111111000000100
11111111111110000111111000000101
11111111111110000111111000000110
11111111111110000111111000000111
11111111111110000111111000001000
11111111111110000111111000001001
11111111111011111100001111010010
11111111111011111100001111010011
11111111111011111100001111010100
11111111111011111100001111010101
11111111111011111100001111010110
11111111111011111100001111010111
11111111111011111100001111011000
11111111111011111100001111011001
11111111111011111100001111011010
11111111111011111100001111011011
00000000010101010001100101000001
00000000010101010001100101000010
00000000010101010001100101000011
00000000010101010001100101000100
00000000010101010001100101000101
00000000010101010001100101000110
00000000010101010001100101000111
00000000010101010001100101001000
00000000010101010001100101001001
00000000010101010001100101001010
00000001010000001011000000011000
00000001010000001011000000011001
00000001010000001011000000011010
00000001010000001011000000011011
00000001010000001011000000011100
00000001010000001011000000011101
00000001010000001011000000011110
00000001010000001011000000011111
00000001010000001011000000100000
00000001010000001011000000100001
00000000101011100110011110001111
00000000101011100110011110010000
00000000101011100110011110010001
00000000101011100110011110010010
00000000101011100110011110010011
00000000101011100110011110010100
00000000101011100110011110010101
00000000101011100110011110010110
00000000101011100110011110010111
00000000101011100110011110011000
11111111100100011001010001001100
11111111100100011001010001001101
11111111100100011001010001001110
11111111100100011001010001001111
11111111100100011001010001010000
11111111100100011001010001010001
11111111100100011001010001010010
11111111100100011001010001010011
11111111100100011001010001010100
11111111100100011001010001010101
11111110011101100010100110000011
11111110011101100010100110000100
11111110011101100010100110000101
11111110011101100010100110000110
11111110011101100010100110000111
11111110011101100010100110001000
11111110011101100010100110001001
11111110011101100010100110001010
11111110011101100010100110001011
11111110011101100010100110001100
第三轮：
00000001000010110101101011000110
00000001000010110101101011000111
00000001000010110101101011001000
00000001000010110101101011001001
00000001000010110101101011001010
00000001000010110101101011001011
00000001000010110101101011001100
00000001000010110101101011001101
00000001000010110101101011001110
00000001000010110101101011001111
00000000001010000000010111111111
00000000001010000000011000000000
00000000001010000000011000000001
00000000001010000000011000000010
00000000001010000000011000000011
00000000001010000000011000000100
00000000001010000000011000000101
00000000001010000000011000000110
00000000001010000000011000000111
00000000001010000000011000001000
00000001111101011001110101001000
00000001111101011001110101001001
00000001111101011001110101001010
00000001111101011001110101001011
00000001111101011001110101001100
00000001111101011001110101001101
00000001111101011001110101001110
00000001111101011001110101001111
00000001111101011001110101010000
00000001111101011001110101010001
00000000101011110101011111001011
00000000101011110101011111001100
00000000101011110101011111001101
00000000101011110101011111001110
00000000101011110101011111001111
00000000101011110101011111010000
00000000101011110101011111010001
00000000101011110101011111010010
00000000101011110101011111010011
00000000101011110101011111010100
00000001110111100111011110000000
00000001110111100111011110000001
00000001110111100111011110000010
00000001110111100111011110000011
00000001110111100111011110000100
00000001110111100111011110000101
00000001110111100111011110000110
00000001110111100111011110000111
00000001110111100111011110001000
00000001110111100111011110001001
00000000010111001100101100101101
00000000010111001100101100101110
00000000010111001100101100101111
00000000010111001100101100110000
00000000010111001100101100110001
00000000010111001100101100110010
00000000010111001100101100110011
00000000010111001100101100110100
00000000010111001100101100110101
00000000010111001100101100110110
11111110000101011110100101111001
11111110000101011110100101111010
11111110000101011110100101111011
11111110000101011110100101111100
11111110000101011110100101111101
11111110000101011110100101111110
11111110000101011110100101111111
11111110000101011110100110000000
11111110000101011110100110000001
11111110000101011110100110000010
00000000101101101000110110011000
00000000101101101000110110011001
00000000101101101000110110011010
00000000101101101000110110011011
00000000101101101000110110011100
00000000101101101000110110011101
00000000101101101000110110011110
00000000101101101000110110011111
00000000101101101000110110100000
00000000101101101000110110100001
11111111101010011101011001011011
11111111101010011101011001011100
11111111101010011101011001011101
11111111101010011101011001011110
11111111101010011101011001011111
11111111101010011101011001100000
11111111101010011101011001100001
11111111101010011101011001100010
11111111101010011101011001100011
11111111101010011101011001100100
00000001010010101101011010100001
00000001010010101101011010100010
00000001010010101101011010100011
00000001010010101101011010100100
00000001010010101101011010100101
00000001010010101101011010100110
00000001010010101101011010100111
00000001010010101101011010101000
00000001010010101101011010101001
00000001010010101101011010101010
00000001100110100111001010000011
00000001100110100111001010000100
00000001100110100111001010000101
00000001100110100111001010000110
00000001100110100111001010000111
00000001100110100111001010001000
00000001100110100111001010001001
00000001100110100111001010001010
00000001100110100111001010001011
00000001100110100111001010001100
00000000001010101101011010110011
00000000001010101101011010110100
00000000001010101101011010110101
00000000001010101101011010110110
00000000001010101101011010110111
00000000001010101101011010111000
00000000001010101101011010111001
00000000001010101101011010111010
00000000001010101101011010111011
00000000001010101101011010111100
11111111101011111100111111011001
11111111101011111100111111011010
11111111101011111100111111011011
11111111101011111100111111011100
11111111101011111100111111011101
11111111101011111100111111011110
11111111101011111100111111011111
11111111101011111100111111100000
11111111101011111100111111100001
11111111101011111100111111100010
00000001110010001000001000000100
00000001110010001000001000000101
00000001110010001000001000000110
00000001110010001000001000000111
00000001110010001000001000001000
00000001110010001000001000001001
00000001110010001000001000001010
00000001110010001000001000001011
00000001110010001000001000001100
00000001110010001000001000001101
00000001101100011110010001011110
00000001101100011110010001011111
00000001101100011110010001100000
00000001101100011110010001100001
00000001101100011110010001100010
00000001101100011110010001100011
00000001101100011110010001100100
00000001101100011110010001100101
00000001101100011110010001100110
00000001101100011110010001100111
11111110011111110011101111000111
11111110011111110011101111001000
11111110011111110011101111001001
11111110011111110011101111001010
11111110011111110011101111001011
11111110011111110011101111001100
11111110011111110011101111001101
11111110011111110011101111001110
11111110011111110011101111001111
11111110011111110011101111010000
00000001110111001000101100000101
00000001110111001000101100000110
00000001110111001000101100000111
00000001110111001000101100001000
00000001110111001000101100001001
00000001110111001000101100001010
00000001110111001000101100001011
00000001110111001000101100001100
00000001110111001000101100001101
00000001110111001000101100001110
00000001001001101101100110100100
00000001001001101101100110100101
00000001001001101101100110100110
00000001001001101101100110100111
00000001001001101101100110101000
00000001001001101101100110101001
00000001001001101101100110101010
00000001001001101101100110101011
00000001001001101101100110101100
00000001001001101101100110101101
00000000010110110010011011000100
00000000010110110010011011000101
00000000010110110010011011000110
00000000010110110010011011000111
00000000010110110010011011001000
00000000010110110010011011001001
00000000010110110010011011001010
00000000010110110010011011001011
00000000010110110010011011001100
00000000010110110010011011001101
11111110111011011100111101100101
11111110111011011100111101100110
11111110111011011100111101100111
11111110111011011100111101101000
11111110111011011100111101101001
11111110111011011100111101101010
11111110111011011100111101101011
11111110111011011100111101101100
11111110111011011100111101101101
11111110111011011100111101101110
11111110100111111100111111101010
11111110100111111100111111101011
11111110100111111100111111101100
11111110100111111100111111101101
11111110100111111100111111101110
11111110100111111100111111101111
11111110100111111100111111110000
11111110100111111100111111110001
11111110100111111100111111110010
11111110100111111100111111110011
00000001110111000011111011110010
00000001110111000011111011110011
00000001110111000011111011110100
00000001110111000011111011110101
00000001110111000011111011110110
00000001110111000011111011110111
00000001110111000011111011111000
00000001110111000011111011111001
00000001110111000011111011111010
00000001110111000011111011111011
00000000010111101110001110110011
00000000010111101110001110110100
00000000010111101110001110110101
00000000010111101110001110110110
00000000010111101110001110110111
00000000010111101110001110111000
00000000010111101110001110111001
00000000010111101110001110111010
00000000010111101110001110111011
00000000010111101110001110111100
00000000010000100000110001111111
00000000010000100000110010000000
00000000010000100000110010000001
00000000010000100000110010000010
00000000010000100000110010000011
00000000010000100000110010000100
00000000010000100000110010000101
00000000010000100000110010000110
00000000010000100000110010000111
00000000010000100000110010001000
11111111000010001010101000011010
11111111000010001010101000011011
11111111000010001010101000011100
11111111000010001010101000011101
11111111000010001010101000011110
11111111000010001010101000011111
11111111000010001010101000100000
11111111000010001010101000100001
11111111000010001010101000100010
11111111000010001010101000100011
11111110011011000010101100000100
11111110011011000010101100000101
11111110011011000010101100000110
11111110011011000010101100000111
11111110011011000010101100001000
11111110011011000010101100001001
11111110011011000010101100001010
11111110011011000010101100001011
11111110011011000010101100001100
11111110011011000010101100001101
00000001100010000001100111101110
00000001100010000001100111101111
00000001100010000001100111110000
00000001100010000001100111110001
00000001100010000001100111110010
00000001100010000001100111110011
00000001100010000001100111110100
00000001100010000001100111110101
00000001100010000001100111110110
00000001100010000001100111110111
00000000111000111110110011101101
00000000111000111110110011101110
00000000111000111110110011101111
00000000111000111110110011110000
00000000111000111110110011110001
00000000111000111110110011110010
00000000111000111110110011110011
00000000111000111110110011110100
00000000111000111110110011110101
00000000111000111110110011110110
00000001000111001110011100101000
00000001000111001110011100101001
00000001000111001110011100101010
00000001000111001110011100101011
00000001000111001110011100101100
00000001000111001110011100101101
00000001000111001110011100101110
00000001000111001110011100101111
00000001000111001110011100110000
00000001000111001110011100110001
11111110100101000111000100010011
11111110100101000111000100010100
11111110100101000111000100010101
11111110100101000111000100010110
11111110100101000111000100010111
11111110100101000111000100011000
11111110100101000111000100011001
11111110100101000111000100011010
11111110100101000111000100011011
11111110100101000111000100011100
00000001000111100011011101111100
00000001000111100011011101111101
00000001000111100011011101111110
00000001000111100011011101111111
00000001000111100011011110000000
00000001000111100011011110000001
00000001000111100011011110000010
00000001000111100011011110000011
00000001000111100011011110000100
00000001000111100011011110000101
00000001000111111111011111101100
00000001000111111111011111101101
00000001000111111111011111101110
00000001000111111111011111101111
00000001000111111111011111110000
00000001000111111111011111110001
00000001000111111111011111110010
00000001000111111111011111110011
00000001000111111111011111110100
00000001000111111111011111110101
11111110011101001101010100101110
11111110011101001101010100101111
11111110011101001101010100110000
11111110011101001101010100110001
11111110011101001101010100110010
11111110011101001101010100110011
11111110011101001101010100110100
11111110011101001101010100110101
11111110011101001101010100110110
11111110011101001101010100110111
11111110101101000010010011111110
11111110101101000010010011111111
11111110101101000010010100000000
11111110101101000010010100000001
11111110101101000010010100000010
11111110101101000010010100000011
11111110101101000010010100000100
11111110101101000010010100000101
11111110101101000010010100000110
11111110101101000010010100000111
11111110101000001100010000100111
11111110101000001100010000101000
11111110101000001100010000101001
11111110101000001100010000101010
11111110101000001100010000101011
11111110101000001100010000101100
11111110101000001100010000101101
11111110101000001100010000101110
11111110101000001100010000101111
11111110101000001100010000110000
00000001101100101101010010011010
00000001101100101101010010011011
00000001101100101101010010011100
00000001101100101101010010011101
00000001101100101101010010011110
00000001101100101101010010011111
00000001101100101101010010100000
00000001101100101101010010100001
00000001101100101101010010100010
00000001101100101101010010100011
00000001000101010110010101001000
00000001000101010110010101001001
00000001000101010110010101001010
00000001000101010110010101001011
00000001000101010110010101001100
00000001000101010110010101001101
00000001000101010110010101001110
00000001000101010110010101001111
00000001000101010110010101010000
00000001000101010110010101010001
11111111011101110111010111000110
11111111011101110111010111000111
11111111011101110111010111001000
11111111011101110111010111001001
11111111011101110111010111001010
11111111011101110111010111001011
11111111011101110111010111001100
11111111011101110111010111001101
11111111011101110111010111001110
11111111011101110111010111001111
00000000110000000010011111111110
00000000110000000010011111111111
00000000110000000010100000000000
00000000110000000010100000000001
00000000110000000010100000000010
00000000110000000010100000000011
00000000110000000010100000000100
00000000110000000010100000000101
00000000110000000010100000000110
00000000110000000010100000000111
11111110100100100001000001111011
11111110100100100001000001111100
11111110100100100001000001111101
11111110100100100001000001111110
11111110100100100001000001111111
11111110100100100001000010000000
11111110100100100001000010000001
11111110100100100001000010000010
11111110100100100001000010000011
11111110100100100001000010000100
11111110100010000111111000010111
11111110100010000111111000011000
11111110100010000111111000011001
11111110100010000111111000011010
11111110100010000111111000011011
11111110100010000111111000011100
11111110100010000111111000011101
11111110100010000111111000011110
11111110100010000111111000011111
11111110100010000111111000100000
11111111110000001011010000010001
11111111110000001011010000010010
11111111110000001011010000010011
11111111110000001011010000010100
11111111110000001011010000010101
11111111110000001011010000010110
11111111110000001011010000010111
11111111110000001011010000011000
11111111110000001011010000011001
11111111110000001011010000011010
00000000100101110111010111010100
00000000100101110111010111010101
00000000100101110111010111010110
00000000100101110111010111010111
00000000100101110111010111011000
00000000100101110111010111011001
00000000100101110111010111011010
00000000100101110111010111011011
00000000100101110111010111011100
00000000100101110111010111011101
00000001111110000101100111110111
00000001111110000101100111111000
00000001111110000101100111111001
00000001111110000101100111111010
00000001111110000101100111111011
00000001111110000101100111111100
00000001111110000101100111111101
00000001111110000101100111111110
00000001111110000101100111111111
00000001111110000101101000000000
00000001001110010100101000111111
00000001001110010100101001000000
00000001001110010100101001000001
00000001001110010100101001000010
00000001001110010100101001000011
00000001001110010100101001000100
00000001001110010100101001000101
00000001001110010100101001000110
00000001001110010100101001000111
00000001001110010100101001001000
00000000110100101101000010100111
00000000110100101101000010101000
00000000110100101101000010101001
00000000110100101101000010101010
00000000110100101101000010101011
00000000110100101101000010101100
00000000110100101101000010101101
00000000110100101101000010101110
00000000110100101101000010101111
00000000110100101101000010110000
11111111001001110100000110111110
11111111001001110100000110111111
11111111001001110100000111000000
11111111001001110100000111000001
11111111001001110100000111000010
11111111001001110100000111000011
11111111001001110100000111000100
11111111001001110100000111000101
11111111001001110100000111000110
11111111001001110100000111000111
00000001101010111100111011011001
00000001101010111100111011011010
00000001101010111100111011011011
00000001101010111100111011011100
00000001101010111100111011011101
00000001101010111100111011011110
00000001101010111100111011011111
00000001101010111100111011100000
00000001101010111100111011100001
00000001101010111100111011100010
11111110000010111010011011101001
11111110000010111010011011101010
11111110000010111010011011101011
11111110000010111010011011101100
11111110000010111010011011101101
11111110000010111010011011101110
11111110000010111010011011101111
11111110000010111010011011110000
11111110000010111010011011110001
11111110000010111010011011110010
00000000101111000000101011110111
00000000101111000000101011111000
00000000101111000000101011111001
00000000101111000000101011111010
00000000101111000000101011111011
00000000101111000000101011111100
00000000101111000000101011111101
00000000101111000000101011111110
00000000101111000000101011111111
00000000101111000000101100000000
