第一轮：
00000001000111100110101111001001
00000001000111100110101111001010
00000001000111100110101111001011
00000001000111100110101111001100
00000001000111100110101111001101
00000001000111100110101111001110
00000001000111100110101111001111
00000001000111100110101111010000
00000001000111100110101111010001
00000001000111100110101111010010
00000001100110011101001100110100
00000001100110011101001100110101
00000001100110011101001100110110
00000001100110011101001100110111
00000001100110011101001100111000
00000001100110011101001100111001
00000001100110011101001100111010
00000001100110011101001100111011
00000001100110011101001100111100
00000001100110011101001100111101
11111110000111110010101111011101
11111110000111110010101111011110
11111110000111110010101111011111
11111110000111110010101111100000
11111110000111110010101111100001
11111110000111110010101111100010
11111110000111110010101111100011
11111110000111110010101111100100
11111110000111110010101111100101
11111110000111110010101111100110
00000010000110101110101101010101
00000010000110101110101101010110
00000010000110101110101101010111
00000010000110101110101101011000
00000010000110101110101101011001
00000010000110101110101101011010
00000010000110101110101101011011
00000010000110101110101101011100
00000010000110101110101101011101
00000010000110101110101101011110
00000010011001111101010011110001
00000010011001111101010011110010
00000010011001111101010011110011
00000010011001111101010011110100
00000010011001111101010011110101
00000010011001111101010011110110
00000010011001111101010011110111
00000010011001111101010011111000
00000010011001111101010011111001
00000010011001111101010011111010
11111110000011000100100110000001
11111110000011000100100110000010
11111110000011000100100110000011
11111110000011000100100110000100
11111110000011000100100110000101
11111110000011000100100110000110
11111110000011000100100110000111
11111110000011000100100110001000
11111110000011000100100110001001
11111110000011000100100110001010
00000011010011101011100111001010
00000011010011101011100111001011
00000011010011101011100111001100
00000011010011101011100111001101
00000011010011101011100111001110
00000011010011101011100111001111
00000011010011101011100111010000
00000011010011101011100111010001
00000011010011101011100111010010
00000011010011101011100111010011
00000011000011101001000111000110
00000011000011101001000111000111
00000011000011101001000111001000
00000011000011101001000111001001
00000011000011101001000111001010
00000011000011101001000111001011
00000011000011101001000111001100
00000011000011101001000111001101
00000011000011101001000111001110
00000011000011101001000111001111
00000001110110000000001011111001
00000001110110000000001011111010
00000001110110000000001011111011
00000001110110000000001011111100
00000001110110000000001011111101
00000001110110000000001011111110
00000001110110000000001011111111
00000001110110000000001100000000
00000001110110000000001100000001
00000001110110000000001100000010
00000011101100110110011001011110
00000011101100110110011001011111
00000011101100110110011001100000
00000011101100110110011001100001
00000011101100110110011001100010
00000011101100110110011001100011
00000011101100110110011001100100
00000011101100110110011001100101
00000011101100110110011001100110
00000011101100110110011001100111
11111101110101011011101010110000
11111101110101011011101010110001
11111101110101011011101010110010
11111101110101011011101010110011
11111101110101011011101010110100
11111101110101011011101010110101
11111101110101011011101010110110
11111101110101011011101010110111
11111101110101011011101010111000
11111101110101011011101010111001
00000000100100010100001000100110
00000000100100010100001000100111
00000000100100010100001000101000
00000000100100010100001000101001
00000000100100010100001000101010
00000000100100010100001000101011
00000000100100010100001000101100
00000000100100010100001000101101
00000000100100010100001000101110
00000000100100010100001000101111
11111100100101101011101011010101
11111100100101101011101011010110
11111100100101101011101011010111
11111100100101101011101011011000
11111100100101101011101011011001
11111100100101101011101011011010
11111100100101101011101011011011
11111100100101101011101011011100
11111100100101101011101011011101
11111100100101101011101011011110
00000001011110101011111101010010
00000001011110101011111101010011
00000001011110101011111101010100
00000001011110101011111101010101
00000001011110101011111101010110
00000001011110101011111101010111
00000001011110101011111101011000
00000001011110101011111101011001
00000001011110101011111101011010
00000001011110101011111101011011
00000000110010101100000101010101
00000000110010101100000101010110
00000000110010101100000101010111
00000000110010101100000101011000
00000000110010101100000101011001
00000000110010101100000101011010
00000000110010101100000101011011
00000000110010101100000101011100
00000000110010101100000101011101
00000000110010101100000101011110
11111101011100110010011001011111
11111101011100110010011001100000
11111101011100110010011001100001
11111101011100110010011001100010
11111101011100110010011001100011
11111101011100110010011001100100
11111101011100110010011001100101
11111101011100110010011001100110
11111101011100110010011001100111
11111101011100110010011001101000
11111111001101100011111010111011
11111111001101100011111010111100
11111111001101100011111010111101
11111111001101100011111010111110
11111111001101100011111010111111
11111111001101100011111011000000
11111111001101100011111011000001
11111111001101100011111011000010
11111111001101100011111011000011
11111111001101100011111011000100
00000010000010101001000101001010
00000010000010101001000101001011
00000010000010101001000101001100
00000010000010101001000101001101
00000010000010101001000101001110
00000010000010101001000101001111
00000010000010101001000101010000
00000010000010101001000101010001
00000010000010101001000101010010
00000010000010101001000101010011
00000001110110000100001100000001
00000001110110000100001100000010
00000001110110000100001100000011
00000001110110000100001100000100
00000001110110000100001100000101
00000001110110000100001100000110
00000001110110000100001100000111
00000001110110000100001100001000
00000001110110000100001100001001
00000001110110000100001100001010
11111100101110000001011100000000
11111100101110000001011100000001
11111100101110000001011100000010
11111100101110000001011100000011
11111100101110000001011100000100
11111100101110000001011100000101
11111100101110000001011100000110
11111100101110000001011100000111
11111100101110000001011100001000
11111100101110000001011100001001
11111101001001010100110010100101
11111101001001010100110010100110
11111101001001010100110010100111
11111101001001010100110010101000
11111101001001010100110010101001
11111101001001010100110010101010
11111101001001010100110010101011
11111101001001010100110010101100
11111101001001010100110010101101
11111101001001010100110010101110
11111110110110010000001100010101
11111110110110010000001100010110
11111110110110010000001100010111
11111110110110010000001100011000
11111110110110010000001100011001
11111110110110010000001100011010
11111110110110010000001100011011
11111110110110010000001100011100
11111110110110010000001100011101
11111110110110010000001100011110
00000000111100000001111000000000
00000000111100000001111000000001
00000000111100000001111000000010
00000000111100000001111000000011
00000000111100000001111000000100
00000000111100000001111000000101
00000000111100000001111000000110
00000000111100000001111000000111
00000000111100000001111000001000
00000000111100000001111000001001
11111110111011100001110110111000
11111110111011100001110110111001
11111110111011100001110110111010
11111110111011100001110110111011
11111110111011100001110110111100
11111110111011100001110110111101
11111110111011100001110110111110
11111110111011100001110110111111
11111110111011100001110111000000
11111110111011100001110111000001
00000000101001101011010011010100
00000000101001101011010011010101
00000000101001101011010011010110
00000000101001101011010011010111
00000000101001101011010011011000
00000000101001101011010011011001
00000000101001101011010011011010
00000000101001101011010011011011
00000000101001101011010011011100
00000000101001101011010011011101
00000011101111111010111111100111
00000011101111111010111111101000
00000011101111111010111111101001
00000011101111111010111111101010
00000011101111111010111111101011
00000011101111111010111111101100
00000011101111111010111111101101
00000011101111111010111111101110
00000011101111111010111111101111
00000011101111111010111111110000
00000000100000010011000000100100
00000000100000010011000000100101
00000000100000010011000000100110
00000000100000010011000000100111
00000000100000010011000000101000
00000000100000010011000000101001
00000000100000010011000000101010
00000000100000010011000000101011
00000000100000010011000000101100
00000000100000010011000000101101
00000011111111110111011111011111
00000011111111110111011111100000
00000011111111110111011111100001
00000011111111110111011111100010
00000011111111110111011111100011
00000011111111110111011111100100
00000011111111110111011111100101
00000011111111110111011111100110
00000011111111110111011111100111
00000011111111110111011111101000
00000011010000101010100001001000
00000011010000101010100001001001
00000011010000101010100001001010
00000011010000101010100001001011
00000011010000101010100001001100
00000011010000101010100001001101
00000011010000101010100001001110
00000011010000101010100001001111
00000011010000101010100001010000
00000011010000101010100001010001
11111111000011110001100111010111
11111111000011110001100111011000
11111111000011110001100111011001
11111111000011110001100111011010
11111111000011110001100111011011
11111111000011110001100111011100
11111111000011110001100111011101
11111111000011110001100111011110
11111111000011110001100111011111
11111111000011110001100111100000
00000010001010100100010101000000
00000010001010100100010101000001
00000010001010100100010101000010
00000010001010100100010101000011
00000010001010100100010101000100
00000010001010100100010101000101
00000010001010100100010101000110
00000010001010100100010101000111
00000010001010100100010101001000
00000010001010100100010101001001
00000001100001111001100011101101
00000001100001111001100011101110
00000001100001111001100011101111
00000001100001111001100011110000
00000001100001111001100011110001
00000001100001111001100011110010
00000001100001111001100011110011
00000001100001111001100011110100
00000001100001111001100011110101
00000001100001111001100011110110
00000010101110101001111101001001
00000010101110101001111101001010
00000010101110101001111101001011
00000010101110101001111101001100
00000010101110101001111101001101
00000010101110101001111101001110
00000010101110101001111101001111
00000010101110101001111101010000
00000010101110101001111101010001
00000010101110101001111101010010
00000010001000110100110001100001
00000010001000110100110001100010
00000010001000110100110001100011
00000010001000110100110001100100
00000010001000110100110001100101
00000010001000110100110001100110
00000010001000110100110001100111
00000010001000110100110001101000
00000010001000110100110001101001
00000010001000110100110001101010
11111111111011011110110110101110
11111111111011011110110110101111
11111111111011011110110110110000
11111111111011011110110110110001
11111111111011011110110110110010
11111111111011011110110110110011
11111111111011011110110110110100
11111111111011011110110110110101
11111111111011011110110110110110
11111111111011011110110110110111
00000001101010000011110100000001
00000001101010000011110100000010
00000001101010000011110100000011
00000001101010000011110100000100
00000001101010000011110100000101
00000001101010000011110100000110
00000001101010000011110100000111
00000001101010000011110100001000
00000001101010000011110100001001
00000001101010000011110100001010
00000010011111110101011111100001
00000010011111110101011111100010
00000010011111110101011111100011
00000010011111110101011111100100
00000010011111110101011111100101
00000010011111110101011111100110
00000010011111110101011111100111
00000010011111110101011111101000
00000010011111110101011111101001
00000010011111110101011111101010
00000010011101110110111011100100
00000010011101110110111011100101
00000010011101110110111011100110
00000010011101110110111011100111
00000010011101110110111011101000
00000010011101110110111011101001
00000010011101110110111011101010
00000010011101110110111011101011
00000010011101110110111011101100
00000010011101110110111011101101
11111101111001101000110011001010
11111101111001101000110011001011
11111101111001101000110011001100
11111101111001101000110011001101
11111101111001101000110011001110
11111101111001101000110011001111
11111101111001101000110011010000
11111101111001101000110011010001
11111101111001101000110011010010
11111101111001101000110011010011
11111110010110110010001101011011
11111110010110110010001101011100
11111110010110110010001101011101
11111110010110110010001101011110
11111110010110110010001101011111
11111110010110110010001101100000
11111110010110110010001101100001
11111110010110110010001101100010
11111110010110110010001101100011
11111110010110110010001101100100
11111101101000110010110001011111
11111101101000110010110001100000
11111101101000110010110001100001
11111101101000110010110001100010
11111101101000110010110001100011
11111101101000110010110001100100
11111101101000110010110001100101
11111101101000110010110001100110
11111101101000110010110001100111
11111101101000110010110001101000
11111111001110011000111100100101
11111111001110011000111100100110
11111111001110011000111100100111
11111111001110011000111100101000
11111111001110011000111100101001
11111111001110011000111100101010
11111111001110011000111100101011
11111111001110011000111100101100
11111111001110011000111100101101
11111111001110011000111100101110
11111100011110111011011101110101
11111100011110111011011101110110
11111100011110111011011101110111
11111100011110111011011101111000
11111100011110111011011101111001
11111100011110111011011101111010
11111100011110111011011101111011
11111100011110111011011101111100
11111100011110111011011101111101
11111100011110111011011101111110
11111101010001110011100011100010
11111101010001110011100011100011
11111101010001110011100011100100
11111101010001110011100011100101
11111101010001110011100011100110
11111101010001110011100011100111
11111101010001110011100011101000
11111101010001110011100011101001
11111101010001110011100011101010
11111101010001110011100011101011
11111101010011101101000111010101
11111101010011101101000111010110
11111101010011101101000111010111
11111101010011101101000111011000
11111101010011101101000111011001
11111101010011101101000111011010
11111101010011101101000111011011
11111101010011101101000111011100
11111101010011101101000111011101
11111101010011101101000111011110
11111111010111101011101111001010
11111111010111101011101111001011
11111111010111101011101111001100
11111111010111101011101111001101
11111111010111101011101111001110
11111111010111101011101111001111
11111111010111101011101111010000
11111111010111101011101111010001
11111111010111101011101111010010
11111111010111101011101111010011
11111111000101001111101010010011
11111111000101001111101010010100
11111111000101001111101010010101
11111111000101001111101010010110
11111111000101001111101010010111
11111111000101001111101010011000
11111111000101001111101010011001
11111111000101001111101010011010
11111111000101001111101010011011
11111111000101001111101010011100
00000000000101001111101010011111
00000000000101001111101010100000
00000000000101001111101010100001
00000000000101001111101010100010
00000000000101001111101010100011
00000000000101001111101010100100
00000000000101001111101010100101
00000000000101001111101010100110
00000000000101001111101010100111
00000000000101001111101010101000
11111111101101010100111010011011
11111111101101010100111010011100
11111111101101010100111010011101
11111111101101010100111010011110
11111111101101010100111010011111
11111111101101010100111010100000
11111111101101010100111010100001
11111111101101010100111010100010
11111111101101010100111010100011
11111111101101010100111010100100
11111100001101110000011011100000
11111100001101110000011011100001
11111100001101110000011011100010
11111100001101110000011011100011
11111100001101110000011011100100
11111100001101110000011011100101
11111100001101110000011011100110
11111100001101110000011011100111
11111100001101110000011011101000
11111100001101110000011011101001
第二轮：
11111101111111111010111111101110
11111101111111111010111111101111
11111101111111111010111111110000
11111101111111111010111111110001
11111101111111111010111111110010
11111101111111111010111111110011
11111101111111111010111111110100
11111101111111111010111111110101
11111101111111111010111111110110
11111101111111111010111111110111
11111101001011011101110110110111
11111101001011011101110110111000
11111101001011011101110110111001
11111101001011011101110110111010
11111101001011011101110110111011
11111101001011011101110110111100
11111101001011011101110110111101
11111101001011011101110110111110
11111101001011011101110110111111
11111101001011011101110111000000
11111101000101001010001010010000
11111101000101001010001010010001
11111101000101001010001010010010
11111101000101001010001010010011
11111101000101001010001010010100
11111101000101001010001010010101
11111101000101001010001010010110
11111101000101001010001010010111
11111101000101001010001010011000
11111101000101001010001010011001
00000001100011000010000101111110
00000001100011000010000101111111
00000001100011000010000110000000
00000001100011000010000110000001
00000001100011000010000110000010
00000001100011000010000110000011
00000001100011000010000110000100
00000001100011000010000110000101
00000001100011000010000110000110
00000001100011000010000110000111
11111100111100011001011000101111
11111100111100011001011000110000
11111100111100011001011000110001
11111100111100011001011000110010
11111100111100011001011000110011
11111100111100011001011000110100
11111100111100011001011000110101
11111100111100011001011000110110
11111100111100011001011000110111
11111100111100011001011000111000
00000011011011101111110111010010
00000011011011101111110111010011
00000011011011101111110111010100
00000011011011101111110111010101
00000011011011101111110111010110
00000011011011101111110111010111
00000011011011101111110111011000
00000011011011101111110111011001
00000011011011101111110111011010
00000011011011101111110111011011
00000001010111100100001111000011
00000001010111100100001111000100
00000001010111100100001111000101
00000001010111100100001111000110
00000001010111100100001111000111
00000001010111100100001111001000
00000001010111100100001111001001
00000001010111100100001111001010
00000001010111100100001111001011
00000001010111100100001111001100
00000001000001001001000010001110
00000001000001001001000010001111
00000001000001001001000010010000
00000001000001001001000010010001
00000001000001001001000010010010
00000001000001001001000010010011
00000001000001001001000010010100
00000001000001001001000010010101
00000001000001001001000010010110
00000001000001001001000010010111
00000011011100010001011000010101
00000011011100010001011000010110
00000011011100010001011000010111
00000011011100010001011000011000
00000011011100010001011000011001
00000011011100010001011000011010
00000011011100010001011000011011
00000011011100010001011000011100
00000011011100010001011000011101
00000011011100010001011000011110
00000001000011110001000111011110
00000001000011110001000111011111
00000001000011110001000111100000
00000001000011110001000111100001
00000001000011110001000111100010
00000001000011110001000111100011
00000001000011110001000111100100
00000001000011110001000111100101
00000001000011110001000111100110
00000001000011110001000111100111
11111100101101101001111011010001
11111100101101101001111011010010
11111100101101101001111011010011
11111100101101101001111011010100
11111100101101101001111011010101
11111100101101101001111011010110
11111100101101101001111011010111
11111100101101101001111011011000
11111100101101101001111011011001
11111100101101101001111011011010
00000000010011111010000111110011
00000000010011111010000111110100
00000000010011111010000111110101
00000000010011111010000111110110
00000000010011111010000111110111
00000000010011111010000111111000
00000000010011111010000111111001
00000000010011111010000111111010
00000000010011111010000111111011
00000000010011111010000111111100
00000001000011110000000111011100
00000001000011110000000111011101
00000001000011110000000111011110
00000001000011110000000111011111
00000001000011110000000111100000
00000001000011110000000111100001
00000001000011110000000111100010
00000001000011110000000111100011
00000001000011110000000111100100
00000001000011110000000111100101
11111111001110000011111011111011
11111111001110000011111011111100
11111111001110000011111011111101
11111111001110000011111011111110
11111111001110000011111011111111
11111111001110000011111100000000
11111111001110000011111100000001
11111111001110000011111100000010
11111111001110000011111100000011
11111111001110000011111100000100
00000010110101111001001011100111
00000010110101111001001011101000
00000010110101111001001011101001
00000010110101111001001011101010
00000010110101111001001011101011
00000010110101111001001011101100
00000010110101111001001011101101
00000010110101111001001011101110
00000010110101111001001011101111
00000010110101111001001011110000
11111100011110101000111101010000
11111100011110101000111101010001
11111100011110101000111101010010
11111100011110101000111101010011
11111100011110101000111101010100
11111100011110101000111101010101
11111100011110101000111101010110
11111100011110101000111101010111
11111100011110101000111101011000
11111100011110101000111101011001
00000011000010101000100101000101
00000011000010101000100101000110
00000011000010101000100101000111
00000011000010101000100101001000
00000011000010101000100101001001
00000011000010101000100101001010
00000011000010101000100101001011
00000011000010101000100101001100
00000011000010101000100101001101
00000011000010101000100101001110
00000011000111111101101111101111
00000011000111111101101111110000
00000011000111111101101111110001
00000011000111111101101111110010
00000011000111111101101111110011
00000011000111111101101111110100
00000011000111111101101111110101
00000011000111111101101111110110
00000011000111111101101111110111
00000011000111111101101111111000
11111100111011111110010111111001
11111100111011111110010111111010
11111100111011111110010111111011
11111100111011111110010111111100
11111100111011111110010111111101
11111100111011111110010111111110
11111100111011111110010111111111
11111100111011111110011000000000
11111100111011111110011000000001
11111100111011111110011000000010
00000000101110010111111100101101
00000000101110010111111100101110
00000000101110010111111100101111
00000000101110010111111100110000
00000000101110010111111100110001
00000000101110010111111100110010
00000000101110010111111100110011
00000000101110010111111100110100
00000000101110010111111100110101
00000000101110010111111100110110
00000011000000010000000000010100
00000011000000010000000000010101
00000011000000010000000000010110
00000011000000010000000000010111
00000011000000010000000000011000
00000011000000010000000000011001
00000011000000010000000000011010
00000011000000010000000000011011
00000011000000010000000000011100
00000011000000010000000000011101
00000010010111010111001110100101
00000010010111010111001110100110
00000010010111010111001110100111
00000010010111010111001110101000
00000010010111010111001110101001
00000010010111010111001110101010
00000010010111010111001110101011
00000010010111010111001110101100
00000010010111010111001110101101
00000010010111010111001110101110
00000000100110100000001100111110
00000000100110100000001100111111
00000000100110100000001101000000
00000000100110100000001101000001
00000000100110100000001101000010
00000000100110100000001101000011
00000000100110100000001101000100
00000000100110100000001101000101
00000000100110100000001101000110
00000000100110100000001101000111
11111100111110111100011101110101
11111100111110111100011101110110
11111100111110111100011101110111
11111100111110111100011101111000
11111100111110111100011101111001
11111100111110111100011101111010
11111100111110111100011101111011
11111100111110111100011101111100
11111100111110111100011101111101
11111100111110111100011101111110
00000010001001001101010010010010
00000010001001001101010010010011
00000010001001001101010010010100
00000010001001001101010010010101
00000010001001001101010010010110
00000010001001001101010010010111
00000010001001001101010010011000
00000010001001001101010010011001
00000010001001001101010010011010
00000010001001001101010010011011
00000011101111011100011110101010
00000011101111011100011110101011
00000011101111011100011110101100
00000011101111011100011110101101
00000011101111011100011110101110
00000011101111011100011110101111
00000011101111011100011110110000
00000011101111011100011110110001
00000011101111011100011110110010
00000011101111011100011110110011
11111111010011011110000110101111
11111111010011011110000110110000
11111111010011011110000110110001
11111111010011011110000110110010
11111111010011011110000110110011
11111111010011011110000110110100
11111111010011011110000110110101
11111111010011011110000110110110
11111111010011011110000110110111
11111111010011011110000110111000
00000000111111111101111111111000
00000000111111111101111111111001
00000000111111111101111111111010
00000000111111111101111111111011
00000000111111111101111111111100
00000000111111111101111111111101
00000000111111111101111111111110
00000000111111111101111111111111
00000000111111111110000000000000
00000000111111111110000000000001
11111100111100000111011000001011
11111100111100000111011000001100
11111100111100000111011000001101
11111100111100000111011000001110
11111100111100000111011000001111
11111100111100000111011000010000
11111100111100000111011000010001
11111100111100000111011000010010
11111100111100000111011000010011
11111100111100000111011000010100
11111100100101011000101010101111
11111100100101011000101010110000
11111100100101011000101010110001
11111100100101011000101010110010
11111100100101011000101010110011
11111100100101011000101010110100
11111100100101011000101010110101
11111100100101011000101010110110
11111100100101011000101010110111
11111100100101011000101010111000
11111110010101001010001010001011
11111110010101001010001010001100
11111110010101001010001010001101
11111110010101001010001010001110
11111110010101001010001010001111
11111110010101001010001010010000
11111110010101001010001010010001
11111110010101001010001010010010
11111110010101001010001010010011
11111110010101001010001010010100
00000011111001111100110011101010
00000011111001111100110011101011
00000011111001111100110011101100
00000011111001111100110011101101
00000011111001111100110011101110
00000011111001111100110011101111
00000011111001111100110011110000
00000011111001111100110011110001
00000011111001111100110011110010
00000011111001111100110011110011
00000011010110101111001101010001
00000011010110101111001101010010
00000011010110101111001101010011
00000011010110101111001101010100
00000011010110101111001101010101
00000011010110101111001101010110
00000011010110101111001101010111
00000011010110101111001101011000
00000011010110101111001101011001
00000011010110101111001101011010
11111110100110001001101100001001
11111110100110001001101100001010
11111110100110001001101100001011
11111110100110001001101100001100
11111110100110001001101100001101
11111110100110001001101100001110
11111110100110001001101100001111
11111110100110001001101100010000
11111110100110001001101100010001
11111110100110001001101100010010
11111111001111110001011111010110
11111111001111110001011111010111
11111111001111110001011111011000
11111111001111110001011111011001
11111111001111110001011111011010
11111111001111110001011111011011
11111111001111110001011111011100
11111111001111110001011111011101
11111111001111110001011111011110
11111111001111110001011111011111
00000000010010110001100101100010
00000000010010110001100101100011
00000000010010110001100101100100
00000000010010110001100101100101
00000000010010110001100101100110
00000000010010110001100101100111
00000000010010110001100101101000
00000000010010110001100101101001
00000000010010110001100101101010
00000000010010110001100101101011
11111101100010011111000100111000
11111101100010011111000100111001
11111101100010011111000100111010
11111101100010011111000100111011
11111101100010011111000100111100
11111101100010011111000100111101
11111101100010011111000100111110
11111101100010011111000100111111
11111101100010011111000101000000
11111101100010011111000101000001
00000010001010011110010100110100
00000010001010011110010100110101
00000010001010011110010100110110
00000010001010011110010100110111
00000010001010011110010100111000
00000010001010011110010100111001
00000010001010011110010100111010
00000010001010011110010100111011
00000010001010011110010100111100
00000010001010011110010100111101
00000000110101101100001011010101
00000000110101101100001011010110
00000000110101101100001011010111
00000000110101101100001011011000
00000000110101101100001011011001
00000000110101101100001011011010
00000000110101101100001011011011
00000000110101101100001011011100
00000000110101101100001011011101
00000000110101101100001011011110
11111100110011101111100111011100
11111100110011101111100111011101
11111100110011101111100111011110
11111100110011101111100111011111
11111100110011101111100111100000
11111100110011101111100111100001
11111100110011101111100111100010
11111100110011101111100111100011
11111100110011101111100111100100
11111100110011101111100111100101
11111101000010001110000100011000
11111101000010001110000100011001
11111101000010001110000100011010
11111101000010001110000100011011
11111101000010001110000100011100
11111101000010001110000100011101
11111101000010001110000100011110
11111101000010001110000100011111
11111101000010001110000100100000
11111101000010001110000100100001
11111101001100101000011001001100
11111101001100101000011001001101
11111101001100101000011001001110
11111101001100101000011001001111
11111101001100101000011001010000
11111101001100101000011001010001
11111101001100101000011001010010
11111101001100101000011001010011
11111101001100101000011001010100
11111101001100101000011001010101
11111100100101001010101010010011
11111100100101001010101010010100
11111100100101001010101010010101
11111100100101001010101010010110
11111100100101001010101010010111
11111100100101001010101010011000
11111100100101001010101010011001
11111100100101001010101010011010
11111100100101001010101010011011
11111100100101001010101010011100
11111101001101011110011010111000
11111101001101011110011010111001
11111101001101011110011010111010
11111101001101011110011010111011
11111101001101011110011010111100
11111101001101011110011010111101
11111101001101011110011010111110
11111101001101011110011010111111
11111101001101011110011011000000
11111101001101011110011011000001
11111110011110101011111101001110
11111110011110101011111101001111
11111110011110101011111101010000
11111110011110101011111101010001
11111110011110101011111101010010
11111110011110101011111101010011
11111110011110101011111101010100
11111110011110101011111101010101
11111110011110101011111101010110
11111110011110101011111101010111
00000010011101001101111010010010
00000010011101001101111010010011
00000010011101001101111010010100
00000010011101001101111010010101
00000010011101001101111010010110
00000010011101001101111010010111
00000010011101001101111010011000
00000010011101001101111010011001
00000010011101001101111010011010
00000010011101001101111010011011
00000000100100110000101001011111
00000000100100110000101001100000
00000000100100110000101001100001
00000000100100110000101001100010
00000000100100110000101001100011
00000000100100110000101001100100
00000000100100110000101001100101
00000000100100110000101001100110
00000000100100110000101001100111
00000000100100110000101001101000
00000011111101100100011010111001
00000011111101100100011010111010
00000011111101100100011010111011
00000011111101100100011010111100
00000011111101100100011010111101
00000011111101100100011010111110
00000011111101100100011010111111
00000011111101100100011011000000
00000011111101100100011011000001
00000011111101100100011011000010
00000011110011100101000110111011
00000011110011100101000110111100
00000011110011100101000110111101
00000011110011100101000110111110
00000011110011100101000110111111
00000011110011100101000111000000
00000011110011100101000111000001
00000011110011100101000111000010
00000011110011100101000111000011
00000011110011100101000111000100
11111101010111111001101111101110
11111101010111111001101111101111
11111101010111111001101111110000
11111101010111111001101111110001
11111101010111111001101111110010
11111101010111111001101111110011
11111101010111111001101111110100
11111101010111111001101111110101
11111101010111111001101111110110
11111101010111111001101111110111
第三轮：
11111110000111010000101110011001
11111110000111010000101110011010
11111110000111010000101110011011
11111110000111010000101110011100
11111110000111010000101110011101
11111110000111010000101110011110
11111110000111010000101110011111
11111110000111010000101110100000
11111110000111010000101110100001
11111110000111010000101110100010
00000001000101101011001011010010
00000001000101101011001011010011
00000001000101101011001011010100
00000001000101101011001011010101
00000001000101101011001011010110
00000001000101101011001011010111
00000001000101101011001011011000
00000001000101101011001011011001
00000001000101101011001011011010
00000001000101101011001011011011
11111100011100100001011001000001
11111100011100100001011001000010
11111100011100100001011001000011
11111100011100100001011001000100
11111100011100100001011001000101
11111100011100100001011001000110
11111100011100100001011001000111
11111100011100100001011001001000
11111100011100100001011001001001
11111100011100100001011001001010
00000001111111001101011110010011
00000001111111001101011110010100
00000001111111001101011110010101
00000001111111001101011110010110
00000001111111001101011110010111
00000001111111001101011110011000
00000001111111001101011110011001
00000001111111001101011110011010
00000001111111001101011110011011
00000001111111001101011110011100
11111101000011000011000110000010
11111101000011000011000110000011
11111101000011000011000110000100
11111101000011000011000110000101
11111101000011000011000110000110
11111101000011000011000110000111
11111101000011000011000110001000
11111101000011000011000110001001
11111101000011000011000110001010
11111101000011000011000110001011
11111100101011111011010111110100
11111100101011111011010111110101
11111100101011111011010111110110
11111100101011111011010111110111
11111100101011111011010111111000
11111100101011111011010111111001
11111100101011111011010111111010
11111100101011111011010111111011
11111100101011111011010111111100
11111100101011111011010111111101
11111110110100000010000111111001
11111110110100000010000111111010
11111110110100000010000111111011
11111110110100000010000111111100
11111110110100000010000111111101
11111110110100000010000111111110
11111110110100000010000111111111
11111110110100000010001000000000
11111110110100000010001000000001
11111110110100000010001000000010
00000010111101011101111010110000
00000010111101011101111010110001
00000010111101011101111010110010
00000010111101011101111010110011
00000010111101011101111010110100
00000010111101011101111010110101
00000010111101011101111010110110
00000010111101011101111010110111
00000010111101011101111010111000
00000010111101011101111010111001
11111111001100110100011001011100
11111111001100110100011001011101
11111111001100110100011001011110
11111111001100110100011001011111
11111111001100110100011001100000
11111111001100110100011001100001
11111111001100110100011001100010
11111111001100110100011001100011
11111111001100110100011001100100
11111111001100110100011001100101
11111111011110100010011100110111
11111111011110100010011100111000
11111111011110100010011100111001
11111111011110100010011100111010
11111111011110100010011100111011
11111111011110100010011100111100
11111111011110100010011100111101
11111111011110100010011100111110
11111111011110100010011100111111
11111111011110100010011101000000
11111100000011100010100111000101
11111100000011100010100111000110
11111100000011100010100111000111
11111100000011100010100111001000
11111100000011100010100111001001
11111100000011100010100111001010
11111100000011100010100111001011
11111100000011100010100111001100
11111100000011100010100111001101
11111100000011100010100111001110
00000011001101011001111010100111
00000011001101011001111010101000
00000011001101011001111010101001
00000011001101011001111010101010
00000011001101011001111010101011
00000011001101011001111010101100
00000011001101011001111010101101
00000011001101011001111010101110
00000011001101011001111010101111
00000011001101011001111010110000
00000001010000101001000001001101
00000001010000101001000001001110
00000001010000101001000001001111
00000001010000101001000001010000
00000001010000101001000001010001
00000001010000101001000001010010
00000001010000101001000001010011
00000001010000101001000001010100
00000001010000101001000001010101
00000001010000101001000001010110
00000001001101111110011011111000
00000001001101111110011011111001
00000001001101111110011011111010
00000001001101111110011011111011
00000001001101111110011011111100
00000001001101111110011011111101
00000001001101111110011011111110
00000001001101111110011011111111
00000001001101111110011100000000
00000001001101111110011100000001
00000011110011110110000111011101
00000011110011110110000111011110
00000011110011110110000111011111
00000011110011110110000111100000
00000011110011110110000111100001
00000011110011110110000111100010
00000011110011110110000111100011
00000011110011110110000111100100
00000011110011110110000111100101
00000011110011110110000111100110
00000011011101000001111001110110
00000011011101000001111001110111
00000011011101000001111001111000
00000011011101000001111001111001
00000011011101000001111001111010
00000011011101000001111001111011
00000011011101000001111001111100
00000011011101000001111001111101
00000011011101000001111001111110
00000011011101000001111001111111
00000001111110100100011101000001
00000001111110100100011101000010
00000001111110100100011101000011
00000001111110100100011101000100
00000001111110100100011101000101
00000001111110100100011101000110
00000001111110100100011101000111
00000001111110100100011101001000
00000001111110100100011101001001
00000001111110100100011101001010
00000001001010111100110101110101
00000001001010111100110101110110
00000001001010111100110101110111
00000001001010111100110101111000
00000001001010111100110101111001
00000001001010111100110101111010
00000001001010111100110101111011
00000001001010111100110101111100
00000001001010111100110101111101
00000001001010111100110101111110
00000010001011000011010101111110
00000010001011000011010101111111
00000010001011000011010110000000
00000010001011000011010110000001
00000010001011000011010110000010
00000010001011000011010110000011
00000010001011000011010110000100
00000010001011000011010110000101
00000010001011000011010110000110
00000010001011000011010110000111
11111101101000100011010001000000
11111101101000100011010001000001
11111101101000100011010001000010
11111101101000100011010001000011
11111101101000100011010001000100
11111101101000100011010001000101
11111101101000100011010001000110
11111101101000100011010001000111
11111101101000100011010001001000
11111101101000100011010001001001
11111100000110110011001101100110
11111100000110110011001101100111
11111100000110110011001101101000
11111100000110110011001101101001
11111100000110110011001101101010
11111100000110110011001101101011
11111100000110110011001101101100
11111100000110110011001101101101
11111100000110110011001101101110
11111100000110110011001101101111
11111111101010110000010101010010
11111111101010110000010101010011
11111111101010110000010101010100
11111111101010110000010101010101
11111111101010110000010101010110
11111111101010110000010101010111
11111111101010110000010101011000
11111111101010110000010101011001
11111111101010110000010101011010
11111111101010110000010101011011
11111101111010111000010101101001
11111101111010111000010101101010
11111101111010111000010101101011
11111101111010111000010101101100
11111101111010111000010101101101
11111101111010111000010101101110
11111101111010111000010101101111
11111101111010111000010101110000
11111101111010111000010101110001
11111101111010111000010101110010
00000000101111100101111111001001
00000000101111100101111111001010
00000000101111100101111111001011
00000000101111100101111111001100
00000000101111100101111111001101
00000000101111100101111111001110
00000000101111100101111111001111
00000000101111100101111111010000
00000000101111100101111111010001
00000000101111100101111111010010
11111100110111011000101110101110
11111100110111011000101110101111
11111100110111011000101110110000
11111100110111011000101110110001
11111100110111011000101110110010
11111100110111011000101110110011
11111100110111011000101110110100
11111100110111011000101110110101
11111100110111011000101110110110
11111100110111011000101110110111
00000000001100001011111000010111
00000000001100001011111000011000
00000000001100001011111000011001
00000000001100001011111000011010
00000000001100001011111000011011
00000000001100001011111000011100
00000000001100001011111000011101
00000000001100001011111000011110
00000000001100001011111000011111
00000000001100001011111000100000
00000011001100110111111001100011
00000011001100110111111001100100
00000011001100110111111001100101
00000011001100110111111001100110
00000011001100110111111001100111
00000011001100110111111001101000
00000011001100110111111001101001
00000011001100110111111001101010
00000011001100110111111001101011
00000011001100110111111001101100
00000001001001111111110011111011
00000001001001111111110011111100
00000001001001111111110011111101
00000001001001111111110011111110
00000001001001111111110011111111
00000001001001111111110100000000
00000001001001111111110100000001
00000001001001111111110100000010
00000001001001111111110100000011
00000001001001111111110100000100
11111110111000101110010001010001
11111110111000101110010001010010
11111110111000101110010001010011
11111110111000101110010001010100
11111110111000101110010001010101
11111110111000101110010001010110
11111110111000101110010001010111
11111110111000101110010001011000
11111110111000101110010001011001
11111110111000101110010001011010
00000011111101011111111010110000
00000011111101011111111010110001
00000011111101011111111010110010
00000011111101011111111010110011
00000011111101011111111010110100
00000011111101011111111010110101
00000011111101011111111010110110
00000011111101011111111010110111
00000011111101011111111010111000
00000011111101011111111010111001
00000010101111011110111110110011
00000010101111011110111110110100
00000010101111011110111110110101
00000010101111011110111110110110
00000010101111011110111110110111
00000010101111011110111110111000
00000010101111011110111110111001
00000010101111011110111110111010
00000010101111011110111110111011
00000010101111011110111110111100
11111101011100110100111001100100
11111101011100110100111001100101
11111101011100110100111001100110
11111101011100110100111001100111
11111101011100110100111001101000
11111101011100110100111001101001
11111101011100110100111001101010
11111101011100110100111001101011
11111101011100110100111001101100
11111101011100110100111001101101
00000001101010100111010101001000
00000001101010100111010101001001
00000001101010100111010101001010
00000001101010100111010101001011
00000001101010100111010101001100
00000001101010100111010101001101
00000001101010100111010101001110
00000001101010100111010101001111
00000001101010100111010101010000
00000001101010100111010101010001
00000000111111110111011111101011
00000000111111110111011111101100
00000000111111110111011111101101
00000000111111110111011111101110
00000000111111110111011111101111
00000000111111110111011111110000
00000000111111110111011111110001
00000000111111110111011111110010
00000000111111110111011111110011
00000000111111110111011111110100
00000001100011010110100110100111
00000001100011010110100110101000
00000001100011010110100110101001
00000001100011010110100110101010
00000001100011010110100110101011
00000001100011010110100110101100
00000001100011010110100110101101
00000001100011010110100110101110
00000001100011010110100110101111
00000001100011010110100110110000
11111111101111100001111110110101
11111111101111100001111110110110
11111111101111100001111110110111
11111111101111100001111110111000
11111111101111100001111110111001
11111111101111100001111110111010
11111111101111100001111110111011
11111111101111100001111110111100
11111111101111100001111110111101
11111111101111100001111110111110
11111101100001101100100011010011
11111101100001101100100011010100
11111101100001101100100011010101
11111101100001101100100011010110
11111101100001101100100011010111
11111101100001101100100011011000
11111101100001101100100011011001
11111101100001101100100011011010
11111101100001101100100011011011
11111101100001101100100011011100
00000001101110000001111011111101
00000001101110000001111011111110
00000001101110000001111011111111
00000001101110000001111100000000
00000001101110000001111100000001
00000001101110000001111100000010
00000001101110000001111100000011
00000001101110000001111100000100
00000001101110000001111100000101
00000001101110000001111100000110
00000001001000001001110000001111
00000001001000001001110000010000
00000001001000001001110000010001
00000001001000001001110000010010
00000001001000001001110000010011
00000001001000001001110000010100
00000001001000001001110000010101
00000001001000001001110000010110
00000001001000001001110000010111
00000001001000001001110000011000
00000011100000101001000001000100
00000011100000101001000001000101
00000011100000101001000001000110
00000011100000101001000001000111
00000011100000101001000001001000
00000011100000101001000001001001
00000011100000101001000001001010
00000011100000101001000001001011
00000011100000101001000001001100
00000011100000101001000001001101
00000000000011111001100111110011
00000000000011111001100111110100
00000000000011111001100111110101
00000000000011111001100111110110
00000000000011111001100111110111
00000000000011111001100111111000
00000000000011111001100111111001
00000000000011111001100111111010
00000000000011111001100111111011
00000000000011111001100111111100
11111101000000000000111111111110
11111101000000000000111111111111
11111101000000000001000000000000
11111101000000000001000000000001
11111101000000000001000000000010
11111101000000000001000000000011
11111101000000000001000000000100
11111101000000000001000000000101
11111101000000000001000000000110
11111101000000000001000000000111
11111100001001100000010011000000
11111100001001100000010011000001
11111100001001100000010011000010
11111100001001100000010011000011
11111100001001100000010011000100
11111100001001100000010011000101
11111100001001100000010011000110
11111100001001100000010011000111
11111100001001100000010011001000
11111100001001100000010011001001
11111111111011001101010110001011
11111111111011001101010110001100
11111111111011001101010110001101
11111111111011001101010110001110
11111111111011001101010110001111
11111111111011001101010110010000
11111111111011001101010110010001
11111111111011001101010110010010
11111111111011001101010110010011
11111111111011001101010110010100
00000001000101111010101011110001
00000001000101111010101011110010
00000001000101111010101011110011
00000001000101111010101011110100
00000001000101111010101011110101
00000001000101111010101011110110
00000001000101111010101011110111
00000001000101111010101011111000
00000001000101111010101011111001
00000001000101111010101011111010
11111110110000111001100001101000
11111110110000111001100001101001
11111110110000111001100001101010
11111110110000111001100001101011
11111110110000111001100001101100
11111110110000111001100001101101
11111110110000111001100001101110
11111110110000111001100001101111
11111110110000111001100001110000
11111110110000111001100001110001
00000011101100010000011000010010
00000011101100010000011000010011
00000011101100010000011000010100
00000011101100010000011000010101
00000011101100010000011000010110
00000011101100010000011000010111
00000011101100010000011000011000
00000011101100010000011000011001
00000011101100010000011000011010
00000011101100010000011000011011
11111110101011011000110110100111
11111110101011011000110110101000
11111110101011011000110110101001
11111110101011011000110110101010
11111110101011011000110110101011
11111110101011011000110110101100
11111110101011011000110110101101
11111110101011011000110110101110
11111110101011011000110110101111
11111110101011011000110110110000
11111100000111101010101111010101
11111100000111101010101111010110
11111100000111101010101111010111
11111100000111101010101111011000
11111100000111101010101111011001
11111100000111101010101111011010
11111100000111101010101111011011
11111100000111101010101111011100
11111100000111101010101111011101
11111100000111101010101111011110
00000001000011010000000110011100
00000001000011010000000110011101
00000001000011010000000110011110
00000001000011010000000110011111
00000001000011010000000110100000
00000001000011010000000110100001
00000001000011010000000110100010
00000001000011010000000110100011
00000001000011010000000110100100
00000001000011010000000110100101
