第一轮：
00000000111101010110100001110111
00000000111101010110100001111000
00000000111101010110100001111001
00000000111101010110100001111010
00000000111101010110100001111011
00000000111101010110100001111100
00000000111101010110100001111101
00000000111101010110100001111110
00000000111101010110100001111111
00000000111101010110100010000000
00000000001111111000110110110111
00000000001111111000110110111000
00000000001111111000110110111001
00000000001111111000110110111010
00000000001111111000110110111011
00000000001111111000110110111100
00000000001111111000110110111101
00000000001111111000110110111110
00000000001111111000110110111111
00000000001111111000110111000000
11111111001111000101001000011010
11111111001111000101001000011011
11111111001111000101001000011100
11111111001111000101001000011101
11111111001111000101001000011110
11111111001111000101001000011111
11111111001111000101001000100000
11111111001111000101001000100001
11111111001111000101001000100010
11111111001111000101001000100011
00000000001110001011110001010000
00000000001110001011110001010001
00000000001110001011110001010010
00000000001110001011110001010011
00000000001110001011110001010100
00000000001110001011110001010101
00000000001110001011110001010110
00000000001110001011110001010111
00000000001110001011110001011000
00000000001110001011110001011001
00000000000011100111100100111001
00000000000011100111100100111010
00000000000011100111100100111011
00000000000011100111100100111100
00000000000011100111100100111101
00000000000011100111100100111110
00000000000011100111100100111111
00000000000011100111100101000000
00000000000011100111100101000001
00000000000011100111100101000010
00000000110100100111101100001001
00000000110100100111101100001010
00000000110100100111101100001011
00000000110100100111101100001100
00000000110100100111101100001101
00000000110100100111101100001110
00000000110100100111101100001111
00000000110100100111101100010000
00000000110100100111101100010001
00000000110100100111101100010010
11111111010011010100010010001111
11111111010011010100010010010000
11111111010011010100010010010001
11111111010011010100010010010010
11111111010011010100010010010011
11111111010011010100010010010100
11111111010011010100010010010101
11111111010011010100010010010110
11111111010011010100010010010111
11111111010011010100010010011000
11111111011101110111110110100001
11111111011101110111110110100010
11111111011101110111110110100011
11111111011101110111110110100100
11111111011101110111110110100101
11111111011101110111110110100110
11111111011101110111110110100111
11111111011101110111110110101000
11111111011101110111110110101001
11111111011101110111110110101010
00000000001100000001001111111110
00000000001100000001001111111111
00000000001100000001010000000000
00000000001100000001010000000001
00000000001100000001010000000010
00000000001100000001010000000011
00000000001100000001010000000100
00000000001100000001010000000101
00000000001100000001010000000110
00000000001100000001010000000111
11111111000100000100100000100000
11111111000100000100100000100001
11111111000100000100100000100010
11111111000100000100100000100011
11111111000100000100100000100100
11111111000100000100100000100101
11111111000100000100100000100110
11111111000100000100100000100111
11111111000100000100100000101000
11111111000100000100100000101001
11111111011000111110110111011110
11111111011000111110110111011111
11111111011000111110110111100000
11111111011000111110110111100001
11111111011000111110110111100010
11111111011000111110110111100011
11111111011000111110110111100100
11111111011000111110110111100101
11111111011000111110110111100110
11111111011000111110110111100111
00000000010101011011011011000110
00000000010101011011011011000111
00000000010101011011011011001000
00000000010101011011011011001001
00000000010101011011011011001010
00000000010101011011011011001011
00000000010101011011011011001100
00000000010101011011011011001101
00000000010101011011011011001110
00000000010101011011011011001111
00000000001111010100100010010101
00000000001111010100100010010110
00000000001111010100100010010111
00000000001111010100100010011000
00000000001111010100100010011001
00000000001111010100100010011010
00000000001111010100100010011011
00000000001111010100100010011100
00000000001111010100100010011101
00000000001111010100100010011110
00000000110111001111000001000001
00000000110111001111000001000010
00000000110111001111000001000011
00000000110111001111000001000100
00000000110111001111000001000101
00000000110111001111000001000110
00000000110111001111000001000111
00000000110111001111000001001000
00000000110111001111000001001001
00000000110111001111000001001010
00000000011010010000001001100111
00000000011010010000001001101000
00000000011010010000001001101001
00000000011010010000001001101010
00000000011010010000001001101011
00000000011010010000001001101100
00000000011010010000001001101101
00000000011010010000001001101110
00000000011010010000001001101111
00000000011010010000001001110000
11111111100001001000100000100011
11111111100001001000100000100100
11111111100001001000100000100101
11111111100001001000100000100110
11111111100001001000100000100111
11111111100001001000100000101000
11111111100001001000100000101001
11111111100001001000100000101010
11111111100001001000100000101011
11111111100001001000100000101100
00000000111111111001111110010000
00000000111111111001111110010001
00000000111111111001111110010010
00000000111111111001111110010011
00000000111111111001111110010100
00000000111111111001111110010101
00000000111111111001111110010110
00000000111111111001111110010111
00000000111111111001111110011000
00000000111111111001111110011001
11111111011010110101100110010010
11111111011010110101100110010011
11111111011010110101100110010100
11111111011010110101100110010101
11111111011010110101100110010110
11111111011010110101100110010111
11111111011010110101100110011000
11111111011010110101100110011001
11111111011010110101100110011010
11111111011010110101100110011011
00000000011001010101001010010000
00000000011001010101001010010001
00000000011001010101001010010010
00000000011001010101001010010011
00000000011001010101001010010100
00000000011001010101001010010101
00000000011001010101001010010110
00000000011001010101001010010111
00000000011001010101001010011000
00000000011001010101001010011001
11111111000101001000110001000001
11111111000101001000110001000010
11111111000101001000110001000011
11111111000101001000110001000100
11111111000101001000110001000101
11111111000101001000110001000110
11111111000101001000110001000111
11111111000101001000110001001000
11111111000101001000110001001001
11111111000101001000110001001010
00000000111000011111111011000111
00000000111000011111111011001000
00000000111000011111111011001001
00000000111000011111111011001010
00000000111000011111111011001011
00000000111000011111111011001100
00000000111000011111111011001101
00000000111000011111111011001110
00000000111000011111111011001111
00000000111000011111111011010000
11111111111001111011001110100000
11111111111001111011001110100001
11111111111001111011001110100010
11111111111001111011001110100011
11111111111001111011001110100100
11111111111001111011001110100101
11111111111001111011001110100110
11111111111001111011001110100111
11111111111001111011001110101000
11111111111001111011001110101001
11111111010011101010100101000001
11111111010011101010100101000010
11111111010011101010100101000011
11111111010011101010100101000100
11111111010011101010100101000101
11111111010011101010100101000110
11111111010011101010100101000111
11111111010011101010100101001000
11111111010011101010100101001001
11111111010011101010100101001010
00000000101011001111011001010000
00000000101011001111011001010001
00000000101011001111011001010010
00000000101011001111011001010011
00000000101011001111011001010100
00000000101011001111011001010101
00000000101011001111011001010110
00000000101011001111011001010111
00000000101011001111011001011000
00000000101011001111011001011001
11111111110100000000110111010011
11111111110100000000110111010100
11111111110100000000110111010101
11111111110100000000110111010110
11111111110100000000110111010111
11111111110100000000110111011000
11111111110100000000110111011001
11111111110100000000110111011010
11111111110100000000110111011011
11111111110100000000110111011100
11111111001101111100111111011010
11111111001101111100111111011011
11111111001101111100111111011100
11111111001101111100111111011101
11111111001101111100111111011110
11111111001101111100111111011111
11111111001101111100111111100000
11111111001101111100111111100001
11111111001101111100111111100010
11111111001101111100111111100011
00000000111101010100100001100111
00000000111101010100100001101000
00000000111101010100100001101001
00000000111101010100100001101010
00000000111101010100100001101011
00000000111101010100100001101100
00000000111101010100100001101101
00000000111101010100100001101110
00000000111101010100100001101111
00000000111101010100100001110000
11111111110111011010111010100000
11111111110111011010111010100001
11111111110111011010111010100010
11111111110111011010111010100011
11111111110111011010111010100100
11111111110111011010111010100101
11111111110111011010111010100110
11111111110111011010111010100111
11111111110111011010111010101000
11111111110111011010111010101001
11111111001100010100000010010100
11111111001100010100000010010101
11111111001100010100000010010110
11111111001100010100000010010111
11111111001100010100000010011000
11111111001100010100000010011001
11111111001100010100000010011010
11111111001100010100000010011011
11111111001100010100000010011100
11111111001100010100000010011101
00000000111001001001101000010100
00000000111001001001101000010101
00000000111001001001101000010110
00000000111001001001101000010111
00000000111001001001101000011000
00000000111001001001101000011001
00000000111001001001101000011010
00000000111001001001101000011011
00000000111001001001101000011100
00000000111001001001101000011101
00000000000011101110101101110010
00000000000011101110101101110011
00000000000011101110101101110100
00000000000011101110101101110101
00000000000011101110101101110110
00000000000011101110101101110111
00000000000011101110101101111000
00000000000011101110101101111001
00000000000011101110101101111010
00000000000011101110101101111011
11111111100101101001100100100111
11111111100101101001100100101000
11111111100101101001100100101001
11111111100101101001100100101010
11111111100101101001100100101011
11111111100101101001100100101100
11111111100101101001100100101101
11111111100101101001100100101110
11111111100101101001100100101111
11111111100101101001100100110000
11111111000001110101101110101100
11111111000001110101101110101101
11111111000001110101101110101110
11111111000001110101101110101111
11111111000001110101101110110000
11111111000001110101101110110001
11111111000001110101101110110010
11111111000001110101101110110011
11111111000001110101101110110100
11111111000001110101101110110101
00000000000110100001011100000101
00000000000110100001011100000110
00000000000110100001011100000111
00000000000110100001011100001000
00000000000110100001011100001001
00000000000110100001011100001010
00000000000110100001011100001011
00000000000110100001011100001100
00000000000110100001011100001101
00000000000110100001011100001110
00000000011001111101111111010110
00000000011001111101111111010111
00000000011001111101111111011000
00000000011001111101111111011001
00000000011001111101111111011010
00000000011001111101111111011011
00000000011001111101111111011100
00000000011001111101111111011101
00000000011001111101111111011110
00000000011001111101111111011111
00000000101111000101101111111111
00000000101111000101110000000000
00000000101111000101110000000001
00000000101111000101110000000010
00000000101111000101110000000011
00000000101111000101110000000100
00000000101111000101110000000101
00000000101111000101110000000110
00000000101111000101110000000111
00000000101111000101110000001000
00000000001010100001011100000001
00000000001010100001011100000010
00000000001010100001011100000011
00000000001010100001011100000100
00000000001010100001011100000101
00000000001010100001011100000110
00000000001010100001011100000111
00000000001010100001011100001000
00000000001010100001011100001001
00000000001010100001011100001010
00000000110100011111100011001000
00000000110100011111100011001001
00000000110100011111100011001010
00000000110100011111100011001011
00000000110100011111100011001100
00000000110100011111100011001101
00000000110100011111100011001110
00000000110100011111100011001111
00000000110100011111100011010000
00000000110100011111100011010001
11111111001010110010111110001101
11111111001010110010111110001110
11111111001010110010111110001111
11111111001010110010111110010000
11111111001010110010111110010001
11111111001010110010111110010010
11111111001010110010111110010011
11111111001010110010111110010100
11111111001010110010111110010101
11111111001010110010111110010110
11111111110111000011011111100101
11111111110111000011011111100110
11111111110111000011011111100111
11111111110111000011011111101000
11111111110111000011011111101001
11111111110111000011011111101010
11111111110111000011011111101011
11111111110111000011011111101100
11111111110111000011011111101101
11111111110111000011011111101110
11111111101001001101000000111111
11111111101001001101000001000000
11111111101001001101000001000001
11111111101001001101000001000010
11111111101001001101000001000011
11111111101001001101000001000100
11111111101001001101000001000101
11111111101001001101000001000110
11111111101001001101000001000111
11111111101001001101000001001000
00000000000100101100011101011111
00000000000100101100011101100000
00000000000100101100011101100001
00000000000100101100011101100010
00000000000100101100011101100011
00000000000100101100011101100100
00000000000100101100011101100101
00000000000100101100011101100110
00000000000100101100011101100111
00000000000100101100011101101000
00000000010100110100111110010011
00000000010100110100111110010100
00000000010100110100111110010101
00000000010100110100111110010110
00000000010100110100111110010111
00000000010100110100111110011000
00000000010100110100111110011001
00000000010100110100111110011010
00000000010100110100111110011011
00000000010100110100111110011100
00000000000000010111011010111011
00000000000000010111011010111100
00000000000000010111011010111101
00000000000000010111011010111110
00000000000000010111011010111111
00000000000000010111011011000000
00000000000000010111011011000001
00000000000000010111011011000010
00000000000000010111011011000011
00000000000000010111011011000100
00000000001100101100000101010100
00000000001100101100000101010101
00000000001100101100000101010110
00000000001100101100000101010111
00000000001100101100000101011000
00000000001100101100000101011001
00000000001100101100000101011010
00000000001100101100000101011011
00000000001100101100000101011100
00000000001100101100000101011101
11111111010110101000001100101011
11111111010110101000001100101100
11111111010110101000001100101101
11111111010110101000001100101110
11111111010110101000001100101111
11111111010110101000001100110000
11111111010110101000001100110001
11111111010110101000001100110010
11111111010110101000001100110011
11111111010110101000001100110100
11111111001101001110110001101001
11111111001101001110110001101010
11111111001101001110110001101011
11111111001101001110110001101100
11111111001101001110110001101101
11111111001101001110110001101110
11111111001101001110110001101111
11111111001101001110110001110000
11111111001101001110110001110001
11111111001101001110110001110010
00000000101011000110001000000110
00000000101011000110001000000111
00000000101011000110001000001000
00000000101011000110001000001001
00000000101011000110001000001010
00000000101011000110001000001011
00000000101011000110001000001100
00000000101011000110001000001101
00000000101011000110001000001110
00000000101011000110001000001111
11111111110111100101001011110010
11111111110111100101001011110011
11111111110111100101001011110100
11111111110111100101001011110101
11111111110111100101001011110110
11111111110111100101001011110111
11111111110111100101001011111000
11111111110111100101001011111001
11111111110111100101001011111010
11111111110111100101001011111011
00000000000111101111101101110110
00000000000111101111101101110111
00000000000111101111101101111000
00000000000111101111101101111001
00000000000111101111101101111010
00000000000111101111101101111011
00000000000111101111101101111100
00000000000111101111101101111101
00000000000111101111101101111110
00000000000111101111101101111111
第二轮：
11111111000001110010101110010100
11111111000001110010101110010101
11111111000001110010101110010110
11111111000001110010101110010111
11111111000001110010101110011000
11111111000001110010101110011001
11111111000001110010101110011010
11111111000001110010101110011011
11111111000001110010101110011100
11111111000001110010101110011101
00000000011101001001110000110001
00000000011101001001110000110010
00000000011101001001110000110011
00000000011101001001110000110100
00000000011101001001110000110101
00000000011101001001110000110110
00000000011101001001110000110111
00000000011101001001110000111000
00000000011101001001110000111001
00000000011101001001110000111010
00000000011000110110101110011101
00000000011000110110101110011110
00000000011000110110101110011111
00000000011000110110101110100000
00000000011000110110101110100001
00000000011000110110101110100010
00000000011000110110101110100011
00000000011000110110101110100100
00000000011000110110101110100101
00000000011000110110101110100110
11111111111110000000011111000110
11111111111110000000011111000111
11111111111110000000011111001000
11111111111110000000011111001001
11111111111110000000011111001010
11111111111110000000011111001011
11111111111110000000011111001100
11111111111110000000011111001101
11111111111110000000011111001110
11111111111110000000011111001111
11111111111101001000101000001000
11111111111101001000101000001001
11111111111101001000101000001010
11111111111101001000101000001011
11111111111101001000101000001100
11111111111101001000101000001101
11111111111101001000101000001110
11111111111101001000101000001111
11111111111101001000101000010000
11111111111101001000101000010001
11111111111100001101110000110010
11111111111100001101110000110011
11111111111100001101110000110100
11111111111100001101110000110101
11111111111100001101110000110110
11111111111100001101110000110111
11111111111100001101110000111000
11111111111100001101110000111001
11111111111100001101110000111010
11111111111100001101110000111011
11111111001110011001011010111101
11111111001110011001011010111110
11111111001110011001011010111111
11111111001110011001011011000000
11111111001110011001011011000001
11111111001110011001011011000010
11111111001110011001011011000011
11111111001110011001011011000100
11111111001110011001011011000101
11111111001110011001011011000110
11111111011111111011001110111010
11111111011111111011001110111011
11111111011111111011001110111100
11111111011111111011001110111101
11111111011111111011001110111110
11111111011111111011001110111111
11111111011111111011001111000000
11111111011111111011001111000001
11111111011111111011001111000010
11111111011111111011001111000011
11111111000011001001101001001010
11111111000011001001101001001011
11111111000011001001101001001100
11111111000011001001101001001101
11111111000011001001101001001110
11111111000011001001101001001111
11111111000011001001101001010000
11111111000011001001101001010001
11111111000011001001101001010010
11111111000011001001101001010011
00000000100111010110110010001111
00000000100111010110110010010000
00000000100111010110110010010001
00000000100111010110110010010010
00000000100111010110110010010011
00000000100111010110110010010100
00000000100111010110110010010101
00000000100111010110110010010110
00000000100111010110110010010111
00000000100111010110110010011000
00000000001100010001001001111101
00000000001100010001001001111110
00000000001100010001001001111111
00000000001100010001001010000000
00000000001100010001001010000001
00000000001100010001001010000010
00000000001100010001001010000011
00000000001100010001001010000100
00000000001100010001001010000101
00000000001100010001001010000110
11111111011101000011001111111101
11111111011101000011001111111110
11111111011101000011001111111111
11111111011101000011010000000000
11111111011101000011010000000001
11111111011101000011010000000010
11111111011101000011010000000011
11111111011101000011010000000100
11111111011101000011010000000101
11111111011101000011010000000110
11111111110000101100001100110001
11111111110000101100001100110010
11111111110000101100001100110011
11111111110000101100001100110100
11111111110000101100001100110101
11111111110000101100001100110110
11111111110000101100001100110111
11111111110000101100001100111000
11111111110000101100001100111001
11111111110000101100001100111010
11111111011111000000010111100100
11111111011111000000010111100101
11111111011111000000010111100110
11111111011111000000010111100111
11111111011111000000010111101000
11111111011111000000010111101001
11111111011111000000010111101010
11111111011111000000010111101011
11111111011111000000010111101100
11111111011111000000010111101101
00000000011001110000001101101000
00000000011001110000001101101001
00000000011001110000001101101010
00000000011001110000001101101011
00000000011001110000001101101100
00000000011001110000001101101101
00000000011001110000001101101110
00000000011001110000001101101111
00000000011001110000001101110000
00000000011001110000001101110001
00000000011111010001011001101100
00000000011111010001011001101101
00000000011111010001011001101110
00000000011111010001011001101111
00000000011111010001011001110000
00000000011111010001011001110001
00000000011111010001011001110010
00000000011111010001011001110011
00000000011111010001011001110100
00000000011111010001011001110101
11111111101011011000101010011010
11111111101011011000101010011011
11111111101011011000101010011100
11111111101011011000101010011101
11111111101011011000101010011110
11111111101011011000101010011111
11111111101011011000101010100000
11111111101011011000101010100001
11111111101011011000101010100010
11111111101011011000101010100011
11111111001000111111101111110101
11111111001000111111101111110110
11111111001000111111101111110111
11111111001000111111101111111000
11111111001000111111101111111001
11111111001000111111101111111010
11111111001000111111101111111011
11111111001000111111101111111100
11111111001000111111101111111101
11111111001000111111101111111110
11111111100000001101101001001101
11111111100000001101101001001110
11111111100000001101101001001111
11111111100000001101101001010000
11111111100000001101101001010001
11111111100000001101101001010010
11111111100000001101101001010011
11111111100000001101101001010100
11111111100000001101101001010101
11111111100000001101101001010110
00000000010011101100000101001101
00000000010011101100000101001110
00000000010011101100000101001111
00000000010011101100000101010000
00000000010011101100000101010001
00000000010011101100000101010010
00000000010011101100000101010011
00000000010011101100000101010100
00000000010011101100000101010101
00000000010011101100000101010110
11111111000101111101011111100110
11111111000101111101011111100111
11111111000101111101011111101000
11111111000101111101011111101001
11111111000101111101011111101010
11111111000101111101011111101011
11111111000101111101011111101100
11111111000101111101011111101101
11111111000101111101011111101110
11111111000101111101011111101111
11111111101110001010100000100110
11111111101110001010100000100111
11111111101110001010100000101000
11111111101110001010100000101001
11111111101110001010100000101010
11111111101110001010100000101011
11111111101110001010100000101100
11111111101110001010100000101101
11111111101110001010100000101110
11111111101110001010100000101111
00000000010010011010001010111111
00000000010010011010001011000000
00000000010010011010001011000001
00000000010010011010001011000010
00000000010010011010001011000011
00000000010010011010001011000100
00000000010010011010001011000101
00000000010010011010001011000110
00000000010010011010001011000111
00000000010010011010001011001000
11111111001011111010010111000111
11111111001011111010010111001000
11111111001011111010010111001001
11111111001011111010010111001010
11111111001011111010010111001011
11111111001011111010010111001100
11111111001011111010010111001101
11111111001011111010010111001110
11111111001011111010010111001111
11111111001011111010010111010000
11111111101011010100100001111001
11111111101011010100100001111010
11111111101011010100100001111011
11111111101011010100100001111100
11111111101011010100100001111101
11111111101011010100100001111110
11111111101011010100100001111111
11111111101011010100100010000000
11111111101011010100100010000001
11111111101011010100100010000010
11111111111111001000000000000001
11111111111111001000000000000010
11111111111111001000000000000011
11111111111111001000000000000100
11111111111111001000000000000101
11111111111111001000000000000110
11111111111111001000000000000111
11111111111111001000000000001000
11111111111111001000000000001001
11111111111111001000000000001010
11111111011011110101111110010100
11111111011011110101111110010101
11111111011011110101111110010110
11111111011011110101111110010111
11111111011011110101111110011000
11111111011011110101111110011001
11111111011011110101111110011010
11111111011011110101111110011011
11111111011011110101111110011100
11111111011011110101111110011101
00000000100111010001100001100101
00000000100111010001100001100110
00000000100111010001100001100111
00000000100111010001100001101000
00000000100111010001100001101001
00000000100111010001100001101010
00000000100111010001100001101011
00000000100111010001100001101100
00000000100111010001100001101101
00000000100111010001100001101110
11111111010001001001101000111100
11111111010001001001101000111101
11111111010001001001101000111110
11111111010001001001101000111111
11111111010001001001101001000000
11111111010001001001101001000001
11111111010001001001101001000010
11111111010001001001101001000011
11111111010001001001101001000100
11111111010001001001101001000101
11111111100001111010101110110100
11111111100001111010101110110101
11111111100001111010101110110110
11111111100001111010101110110111
11111111100001111010101110111000
11111111100001111010101110111001
11111111100001111010101110111010
11111111100001111010101110111011
11111111100001111010101110111100
11111111100001111010101110111101
11111111010111101111101101100110
11111111010111101111101101100111
11111111010111101111101101101000
11111111010111101111101101101001
11111111010111101111101101101010
11111111010111101111101101101011
11111111010111101111101101101100
11111111010111101111101101101101
11111111010111101111101101101110
11111111010111101111101101101111
00000000000011110011010110010111
00000000000011110011010110011000
00000000000011110011010110011001
00000000000011110011010110011010
00000000000011110011010110011011
00000000000011110011010110011100
00000000000011110011010110011101
00000000000011110011010110011110
00000000000011110011010110011111
00000000000011110011010110100000
11111111110100001010000000011100
11111111110100001010000000011101
11111111110100001010000000011110
11111111110100001010000000011111
11111111110100001010000000100000
11111111110100001010000000100001
11111111110100001010000000100010
11111111110100001010000000100011
11111111110100001010000000100100
11111111110100001010000000100101
11111111000111010010111010010000
11111111000111010010111010010001
11111111000111010010111010010010
11111111000111010010111010010011
11111111000111010010111010010100
11111111000111010010111010010101
11111111000111010010111010010110
11111111000111010010111010010111
11111111000111010010111010011000
11111111000111010010111010011001
11111111010000100100101100010101
11111111010000100100101100010110
11111111010000100100101100010111
11111111010000100100101100011000
11111111010000100100101100011001
11111111010000100100101100011010
11111111010000100100101100011011
11111111010000100100101100011100
11111111010000100100101100011101
11111111010000100100101100011110
00000000111000001101001000110001
00000000111000001101001000110010
00000000111000001101001000110011
00000000111000001101001000110100
00000000111000001101001000110101
00000000111000001101001000110110
00000000111000001101001000110111
00000000111000001101001000111000
00000000111000001101001000111001
00000000111000001101001000111010
00000000011010010100011010001001
00000000011010010100011010001010
00000000011010010100011010001011
00000000011010010100011010001100
00000000011010010100011010001101
00000000011010010100011010001110
00000000011010010100011010001111
00000000011010010100011010010000
00000000011010010100011010010001
00000000011010010100011010010010
00000000000111110010011110001100
00000000000111110010011110001101
00000000000111110010011110001110
00000000000111110010011110001111
00000000000111110010011110010000
00000000000111110010011110010001
00000000000111110010011110010010
00000000000111110010011110010011
00000000000111110010011110010100
00000000000111110010011110010101
11111111000111001001010001000011
11111111000111001001010001000100
11111111000111001001010001000101
11111111000111001001010001000110
11111111000111001001010001000111
11111111000111001001010001001000
11111111000111001001010001001001
11111111000111001001010001001010
11111111000111001001010001001011
11111111000111001001010001001100
11111111010011111111101111101010
11111111010011111111101111101011
11111111010011111111101111101100
11111111010011111111101111101101
11111111010011111111101111101110
11111111010011111111101111101111
11111111010011111111101111110000
11111111010011111111101111110001
11111111010011111111101111110010
11111111010011111111101111110011
11111111011111000010110111111000
11111111011111000010110111111001
11111111011111000010110111111010
11111111011111000010110111111011
11111111011111000010110111111100
11111111011111000010110111111101
11111111011111000010110111111110
11111111011111000010110111111111
11111111011111000010111000000000
11111111011111000010111000000001
11111111001000111001000111000000
11111111001000111001000111000001
11111111001000111001000111000010
11111111001000111001000111000011
11111111001000111001000111000100
11111111001000111001000111000101
11111111001000111001000111000110
11111111001000111001000111000111
11111111001000111001000111001000
11111111001000111001000111001001
00000000000001111011000111010111
00000000000001111011000111011000
00000000000001111011000111011001
00000000000001111011000111011010
00000000000001111011000111011011
00000000000001111011000111011100
00000000000001111011000111011101
00000000000001111011000111011110
00000000000001111011000111011111
00000000000001111011000111100000
00000000101010000000111111011110
00000000101010000000111111011111
00000000101010000000111111100000
00000000101010000000111111100001
00000000101010000000111111100010
00000000101010000000111111100011
00000000101010000000111111100100
00000000101010000000111111100101
00000000101010000000111111100110
00000000101010000000111111100111
11111111000101101100110101100001
11111111000101101100110101100010
11111111000101101100110101100011
11111111000101101100110101100100
11111111000101101100110101100101
11111111000101101100110101100110
11111111000101101100110101100111
11111111000101101100110101101000
11111111000101101100110101101001
11111111000101101100110101101010
00000000101010100010100011101010
00000000101010100010100011101011
00000000101010100010100011101100
00000000101010100010100011101101
00000000101010100010100011101110
00000000101010100010100011101111
00000000101010100010100011110000
00000000101010100010100011110001
00000000101010100010100011110010
00000000101010100010100011110011
00000000100100010011111001111011
00000000100100010011111001111100
00000000100100010011111001111101
00000000100100010011111001111110
00000000100100010011111001111111
00000000100100010011111010000000
00000000100100010011111010000001
00000000100100010011111010000010
00000000100100010011111010000011
00000000100100010011111010000100
11111111100000100101101100001101
11111111100000100101101100001110
11111111100000100101101100001111
11111111100000100101101100010000
11111111100000100101101100010001
11111111100000100101101100010010
11111111100000100101101100010011
11111111100000100101101100010100
11111111100000100101101100010101
11111111100000100101101100010110
00000000010101011010111011000010
00000000010101011010111011000011
00000000010101011010111011000100
00000000010101011010111011000101
00000000010101011010111011000110
00000000010101011010111011000111
00000000010101011010111011001000
00000000010101011010111011001001
00000000010101011010111011001010
00000000010101011010111011001011
11111111111100000100111111101100
11111111111100000100111111101101
11111111111100000100111111101110
11111111111100000100111111101111
11111111111100000100111111110000
11111111111100000100111111110001
11111111111100000100111111110010
11111111111100000100111111110011
11111111111100000100111111110100
11111111111100000100111111110101
第三轮：
00000000010110001001011000110101
00000000010110001001011000110110
00000000010110001001011000110111
00000000010110001001011000111000
00000000010110001001011000111001
00000000010110001001011000111010
00000000010110001001011000111011
00000000010110001001011000111100
00000000010110001001011000111101
00000000010110001001011000111110
00000000001011011111011011110000
00000000001011011111011011110001
00000000001011011111011011110010
00000000001011011111011011110011
00000000001011011111011011110100
00000000001011011111011011110101
00000000001011011111011011110110
00000000001011011111011011110111
00000000001011011111011011111000
00000000001011011111011011111001
00000000000010011110010011110000
00000000000010011110010011110001
00000000000010011110010011110010
00000000000010011110010011110011
00000000000010011110010011110100
00000000000010011110010011110101
00000000000010011110010011110110
00000000000010011110010011110111
00000000000010011110010011111000
00000000000010011110010011111001
00000000111000001111101001000101
00000000111000001111101001000110
00000000111000001111101001000111
00000000111000001111101001001000
00000000111000001111101001001001
00000000111000001111101001001010
00000000111000001111101001001011
00000000111000001111101001001100
00000000111000001111101001001101
00000000111000001111101001001110
00000000100011011001100010101001
00000000100011011001100010101010
00000000100011011001100010101011
00000000100011011001100010101100
00000000100011011001100010101101
00000000100011011001100010101110
00000000100011011001100010101111
00000000100011011001100010110000
00000000100011011001100010110001
00000000100011011001100010110010
00000000100000010110000010010000
00000000100000010110000010010001
00000000100000010110000010010010
00000000100000010110000010010011
00000000100000010110000010010100
00000000100000010110000010010101
00000000100000010110000010010110
00000000100000010110000010010111
00000000100000010110000010011000
00000000100000010110000010011001
00000000011110110000101101100111
00000000011110110000101101101000
00000000011110110000101101101001
00000000011110110000101101101010
00000000011110110000101101101011
00000000011110110000101101101100
00000000011110110000101101101101
00000000011110110000101101101110
00000000011110110000101101101111
00000000011110110000101101110000
00000000011011101001011100110000
00000000011011101001011100110001
00000000011011101001011100110010
00000000011011101001011100110011
00000000011011101001011100110100
00000000011011101001011100110101
00000000011011101001011100110110
00000000011011101001011100110111
00000000011011101001011100111000
00000000011011101001011100111001
00000000010111110110100110011101
00000000010111110110100110011110
00000000010111110110100110011111
00000000010111110110100110100000
00000000010111110110100110100001
00000000010111110110100110100010
00000000010111110110100110100011
00000000010111110110100110100100
00000000010111110110100110100101
00000000010111110110100110100110
11111111100101101110111101010010
11111111100101101110111101010011
11111111100101101110111101010100
11111111100101101110111101010101
11111111100101101110111101010110
11111111100101101110111101010111
11111111100101101110111101011000
11111111100101101110111101011001
11111111100101101110111101011010
11111111100101101110111101011011
11111111011010000010111111111110
11111111011010000010111111111111
11111111011010000011000000000000
11111111011010000011000000000001
11111111011010000011000000000010
11111111011010000011000000000011
11111111011010000011000000000100
11111111011010000011000000000101
11111111011010000011000000000110
11111111011010000011000000000111
00000000110000010010101001100101
00000000110000010010101001100110
00000000110000010010101001100111
00000000110000010010101001101000
00000000110000010010101001101001
00000000110000010010101001101010
00000000110000010010101001101011
00000000110000010010101001101100
00000000110000010010101001101101
00000000110000010010101001101110
11111111001100110011110110010010
11111111001100110011110110010011
11111111001100110011110110010100
11111111001100110011110110010101
11111111001100110011110110010110
11111111001100110011110110010111
11111111001100110011110110011000
11111111001100110011110110011001
11111111001100110011110110011010
11111111001100110011110110011011
00000000000111011010101011001110
00000000000111011010101011001111
00000000000111011010101011010000
00000000000111011010101011010001
00000000000111011010101011010010
00000000000111011010101011010011
00000000000111011010101011010100
00000000000111011010101011010101
00000000000111011010101011010110
00000000000111011010101011010111
00000000001011000010101000001010
00000000001011000010101000001011
00000000001011000010101000001100
00000000001011000010101000001101
00000000001011000010101000001110
00000000001011000010101000001111
00000000001011000010101000010000
00000000001011000010101000010001
00000000001011000010101000010010
00000000001011000010101000010011
11111111110010100001111011011101
11111111110010100001111011011110
11111111110010100001111011011111
11111111110010100001111011100000
11111111110010100001111011100001
11111111110010100001111011100010
11111111110010100001111011100011
11111111110010100001111011100100
11111111110010100001111011100101
11111111110010100001111011100110
00000000010111001101000001010001
00000000010111001101000001010010
00000000010111001101000001010011
00000000010111001101000001010100
00000000010111001101000001010101
00000000010111001101000001010110
00000000010111001101000001010111
00000000010111001101000001011000
00000000010111001101000001011001
00000000010111001101000001011010
11111111011010000011010000000000
11111111011010000011010000000001
11111111011010000011010000000010
11111111011010000011010000000011
11111111011010000011010000000100
11111111011010000011010000000101
11111111011010000011010000000110
11111111011010000011010000000111
11111111011010000011010000001000
11111111011010000011010000001001
00000000000110101101001101100011
00000000000110101101001101100100
00000000000110101101001101100101
00000000000110101101001101100110
00000000000110101101001101100111
00000000000110101101001101101000
00000000000110101101001101101001
00000000000110101101001101101010
00000000000110101101001101101011
00000000000110101101001101101100
00000000011111001010110000110111
00000000011111001010110000111000
00000000011111001010110000111001
00000000011111001010110000111010
00000000011111001010110000111011
00000000011111001010110000111100
00000000011111001010110000111101
00000000011111001010110000111110
00000000011111001010110000111111
00000000011111001010110001000000
11111111011110110000000101100010
11111111011110110000000101100011
11111111011110110000000101100100
11111111011110110000000101100101
11111111011110110000000101100110
11111111011110110000000101100111
11111111011110110000000101101000
11111111011110110000000101101001
11111111011110110000000101101010
11111111011110110000000101101011
00000000101011111110011111001000
00000000101011111110011111001001
00000000101011111110011111001010
00000000101011111110011111001011
00000000101011111110011111001100
00000000101011111110011111001101
00000000101011111110011111001110
00000000101011111110011111001111
00000000101011111110011111010000
00000000101011111110011111010001
11111111111011100100010011100111
11111111111011100100010011101000
11111111111011100100010011101001
11111111111011100100010011101010
11111111111011100100010011101011
11111111111011100100010011101100
11111111111011100100010011101101
11111111111011100100010011101110
11111111111011100100010011101111
11111111111011100100010011110000
00000000101000101011100100110100
00000000101000101011100100110101
00000000101000101011100100110110
00000000101000101011100100110111
00000000101000101011100100111000
00000000101000101011100100111001
00000000101000101011100100111010
00000000101000101011100100111011
00000000101000101011100100111100
00000000101000101011100100111101
11111111111101011010011010010110
11111111111101011010011010010111
11111111111101011010011010011000
11111111111101011010011010011001
11111111111101011010011010011010
11111111111101011010011010011011
11111111111101011010011010011100
11111111111101011010011010011101
11111111111101011010011010011110
11111111111101011010011010011111
11111111011110110000111101101001
11111111011110110000111101101010
11111111011110110000111101101011
11111111011110110000111101101100
11111111011110110000111101101101
11111111011110110000111101101110
11111111011110110000111101101111
11111111011110110000111101110000
11111111011110110000111101110001
11111111011110110000111101110010
00000000010100100001001011110101
00000000010100100001001011110110
00000000010100100001001011110111
00000000010100100001001011111000
00000000010100100001001011111001
00000000010100100001001011111010
00000000010100100001001011111011
00000000010100100001001011111100
00000000010100100001001011111101
00000000010100100001001011111110
11111111110100001101101000111001
11111111110100001101101000111010
11111111110100001101101000111011
11111111110100001101101000111100
11111111110100001101101000111101
11111111110100001101101000111110
11111111110100001101101000111111
11111111110100001101101001000000
11111111110100001101101001000001
11111111110100001101101001000010
00000000100110010100100001111110
00000000100110010100100001111111
00000000100110010100100010000000
00000000100110010100100010000001
00000000100110010100100010000010
00000000100110010100100010000011
00000000100110010100100010000100
00000000100110010100100010000101
00000000100110010100100010000110
00000000100110010100100010000111
11111111001000100010011100001011
11111111001000100010011100001100
11111111001000100010011100001101
11111111001000100010011100001110
11111111001000100010011100001111
11111111001000100010011100010000
11111111001000100010011100010001
11111111001000100010011100010010
11111111001000100010011100010011
11111111001000100010011100010100
11111111100101000010110111110010
11111111100101000010110111110011
11111111100101000010110111110100
11111111100101000010110111110101
11111111100101000010110111110110
11111111100101000010110111110111
11111111100101000010110111111000
11111111100101000010110111111001
11111111100101000010110111111010
11111111100101000010110111111011
00000000011110111101111111010001
00000000011110111101111111010010
00000000011110111101111111010011
00000000011110111101111111010100
00000000011110111101111111010101
00000000011110111101111111010110
00000000011110111101111111010111
00000000011110111101111111011000
00000000011110111101111111011001
00000000011110111101111111011010
00000000010101100000110011110001
00000000010101100000110011110010
00000000010101100000110011110011
00000000010101100000110011110100
00000000010101100000110011110101
00000000010101100000110011110110
00000000010101100000110011110111
00000000010101100000110011111000
00000000010101100000110011111001
00000000010101100000110011111010
11111111011101001010111000111010
11111111011101001010111000111011
11111111011101001010111000111100
11111111011101001010111000111101
11111111011101001010111000111110
11111111011101001010111000111111
11111111011101001010111001000000
11111111011101001010111001000001
11111111011101001010111001000010
11111111011101001010111001000011
00000000011011011100011011001000
00000000011011011100011011001001
00000000011011011100011011001010
00000000011011011100011011001011
00000000011011011100011011001100
00000000011011011100011011001101
00000000011011011100011011001110
00000000011011011100011011001111
00000000011011011100011011010000
00000000011011011100011011010001
00000000001011100110011100101000
00000000001011100110011100101001
00000000001011100110011100101010
00000000001011100110011100101011
00000000001011100110011100101100
00000000001011100110011100101101
00000000001011100110011100101110
00000000001011100110011100101111
00000000001011100110011100110000
00000000001011100110011100110001
11111111000110110010000110001010
11111111000110110010000110001011
11111111000110110010000110001100
11111111000110110010000110001101
11111111000110110010000110001110
11111111000110110010000110001111
11111111000110110010000110010000
11111111000110110010000110010001
11111111000110110010000110010010
11111111000110110010000110010011
00000000011111010000011001100100
00000000011111010000011001100101
00000000011111010000011001100110
00000000011111010000011001100111
00000000011111010000011001101000
00000000011111010000011001101001
00000000011111010000011001101010
00000000011111010000011001101011
00000000011111010000011001101100
00000000011111010000011001101101
00000000111100110011110101100010
00000000111100110011110101100011
00000000111100110011110101100100
00000000111100110011110101100101
00000000111100110011110101100110
00000000111100110011110101100111
00000000111100110011110101101000
00000000111100110011110101101001
00000000111100110011110101101010
00000000111100110011110101101011
11111111110111011001000010010001
11111111110111011001000010010010
11111111110111011001000010010011
11111111110111011001000010010100
11111111110111011001000010010101
11111111110111011001000010010110
11111111110111011001000010010111
11111111110111011001000010011000
11111111110111011001000010011001
11111111110111011001000010011010
00000000110101001011100000100111
00000000110101001011100000101000
00000000110101001011100000101001
00000000110101001011100000101010
00000000110101001011100000101011
00000000110101001011100000101100
00000000110101001011100000101101
00000000110101001011100000101110
00000000110101001011100000101111
00000000110101001011100000110000
00000000011001101110111101011110
00000000011001101110111101011111
00000000011001101110111101100000
00000000011001101110111101100001
00000000011001101110111101100010
00000000011001101110111101100011
00000000011001101110111101100100
00000000011001101110111101100101
00000000011001101110111101100110
00000000011001101110111101100111
00000000100111101011000100110001
00000000100111101011000100110010
00000000100111101011000100110011
00000000100111101011000100110100
00000000100111101011000100110101
00000000100111101011000100110110
00000000100111101011000100110111
00000000100111101011000100111000
00000000100111101011000100111001
00000000100111101011000100111010
11111111010111000010111000000000
11111111010111000010111000000001
11111111010111000010111000000010
11111111010111000010111000000011
11111111010111000010111000000100
11111111010111000010111000000101
11111111010111000010111000000110
11111111010111000010111000000111
11111111010111000010111000001000
11111111010111000010111000001001
00000000100001110001100101101011
00000000100001110001100101101100
00000000100001110001100101101101
00000000100001110001100101101110
00000000100001110001100101101111
00000000100001110001100101110000
00000000100001110001100101110001
00000000100001110001100101110010
00000000100001110001100101110011
00000000100001110001100101110100
00000000100001000000000111100000
00000000100001000000000111100001
00000000100001000000000111100010
00000000100001000000000111100011
00000000100001000000000111100100
00000000100001000000000111100101
00000000100001000000000111100110
00000000100001000000000111100111
00000000100001000000000111101000
00000000100001000000000111101001
00000000011111111001001110101010
00000000011111111001001110101011
00000000011111111001001110101100
00000000011111111001001110101101
00000000011111111001001110101110
00000000011111111001001110101111
00000000011111111001001110110000
00000000011111111001001110110001
00000000011111111001001110110010
00000000011111111001001110110011
11111111111100111001100110010000
11111111111100111001100110010001
11111111111100111001100110010010
11111111111100111001100110010011
11111111111100111001100110010100
11111111111100111001100110010101
11111111111100111001100110010110
11111111111100111001100110010111
11111111111100111001100110011000
11111111111100111001100110011001
00000000100011101100000100111101
00000000100011101100000100111110
00000000100011101100000100111111
00000000100011101100000101000000
00000000100011101100000101000001
00000000100011101100000101000010
00000000100011101100000101000011
00000000100011101100000101000100
00000000100011101100000101000101
00000000100011101100000101000110
00000000011100000100000000000100
00000000011100000100000000000101
00000000011100000100000000000110
00000000011100000100000000000111
00000000011100000100000000001000
00000000011100000100000000001001
00000000011100000100000000001010
00000000011100000100000000001011
00000000011100000100000000001100
00000000011100000100000000001101
