第三轮执行后，进程二对应的page table:
一级页表：		  二级页表：		  frame：	
000000000		0000001011		82
000000000		0000111101		306
000000000		0001001111		484
000000000		0001110011		43
000000000		0001110111		69
000000000		0001111001		295
000000000		0010010110		80
000000000		0011010000		72
000000000		0011010110		499
000000000		0011101101		495
000000000		0011110111		88
000000000		0011111001		301
000000000		0101010000		75
000000000		0101100001		496
000000000		0101101111		483
000000000		0101110011		515
000000000		0110000000		47
000000000		0110001000		274
000000000		0110010110		83
000000000		0111000101		42
000000000		0111101010		51
000000000		0111111100		40
000000000		1001001101		286
000000000		1001110110		283
000000000		1010010000		506
000000000		1010011010		81
000000000		1010101101		50
000000000		1010110000		512
000000000		1011000100		482
000000000		1011100110		498
000000000		1011111011		490
000000000		1100011011		266
000000000		1100101010		57
000000000		1100110111		520
000000000		1100111000		278
000000000		1100111110		73
000000000		1101001000		53
000000000		1101001010		300
000000000		1101101110		514
000000000		1101110100		489
000000000		1110000010		528
000000000		1110100100		265
000000000		1111011000		488
000000000		1111011110		511
000000000		1111100101		500
000000000		1111101000		279
000000000		1111111100		525
000000001		0000001011		487
000000001		0000100000		524
000000001		0000111000		523
000000001		0001101100		486
000000001		0001110110		527
000000001		0010001001		310
000000001		0011001010		508
000000001		0011101000		291
000000001		0011101011		273
000000001		0011110101		521
000000001		0100010101		504
000000001		0101000000		307
000000001		0101010001		309
000000001		0101100011		86
000000001		0101100111		62
000000001		0101111111		502
000000001		0111100010		74
000000001		1000001001		493
000000001		1010001111		76
000000001		1010010011		44
000000001		1010100101		519
000000001		1011100111		52
000000001		1100000110		299
000000001		1100000111		485
000000001		1100001111		59
000000001		1100100100		68
000000001		1110011001		517
000000001		1110101010		65
000000001		1110101011		39
000000001		1111111100		55
111111110		0000111001		264
111111110		0000111010		71
111111110		0001100100		272
111111110		0010000010		48
111111110		0010100100		58
111111110		0010110110		308
111111110		0010111110		284
111111110		0011011001		516
111111110		0011100100		302
111111110		0011101001		297
111111110		0100010001		509
111111110		0100011100		305
111111110		0100011111		281
111111110		0101011001		77
111111110		0101111101		287
111111110		0110001010		67
111111110		0110011001		494
111111110		0110100111		85
111111110		0110111110		64
111111110		0111001100		270
111111110		0111100010		41
111111110		1000010010		298
111111110		1000100100		292
111111110		1001101010		45
111111110		1001110101		61
111111110		1001111111		303
111111110		1011010100		84
111111110		1011100001		522
111111110		1011110111		294
111111110		1100011111		49
111111110		1101000001		492
111111110		1101011010		56
111111110		1101111010		290
111111110		1110100001		275
111111110		1110100101		513
111111110		1110111011		46
111111110		1111011000		501
111111110		1111100000		277
111111110		1111100001		304
111111110		1111111101		271
111111111		0000000110		282
111111111		0000010010		311
111111111		0000100100		54
111111111		0000111101		293
111111111		0010100001		510
111111111		0010110100		70
111111111		0010110111		491
111111111		0100100110		79
111111111		0101101010		288
111111111		0101101100		280
111111111		0111000101		285
111111111		1000010110		276
111111111		1001010000		497
111111111		1010000000		63
111111111		1010000101		296
111111111		1010000110		507
111111111		1011100001		78
111111111		1011101100		518
111111111		1011101101		66
111111111		1011110010		87
111111111		1100111101		60
111111111		1101110010		503
111111111		1110000010		312
111111111		1110000110		269
111111111		1110011100		526
111111111		1110100100		268
111111111		1110101101		505
111111111		1111000000		267
111111111		1111100100		289
