第三轮执行后，进程五对应的page table:
一级页表：		  二级页表：		  frame：	
000000000		0000101000		232
000000000		0001000000		196
000000000		0111011000		415
000000000		1000101000		420
000000000		1000110101		214
000000000		1001001110		677
000000000		1011110010		215
000000000		1101000010		652
000000000		1110000000		650
000000000		1111000001		221
000000001		0000010000		452
000000001		0000010011		676
000000001		0100010111		447
000000001		0111011011		670
000000001		1001110100		669
000000001		1010001010		643
000000001		1010111100		455
000000001		1011101010		662
000000001		1101110011		236
000000001		1110000111		218
000000001		1111011101		456
000000010		0000101100		192
000000010		0001111101		673
000000010		0010010011		423
000000010		0011010000		419
000000010		0011101101		446
000000010		0101111110		430
000000010		0111101001		665
000000010		1001001100		439
000000010		1010010100		211
000000010		1010111000		451
000000010		1011001000		422
000000011		0000100110		197
000000011		0100010111		219
000000011		0111010011		199
000000011		1011000101		233
000000011		1101001001		421
000000011		1101110000		458
000000100		0010000111		634
000000100		0010101001		416
000000100		0011010001		234
000000100		1010101101		653
000000100		1011111011		651
000000100		1100100101		440
000000100		1101110011		432
000000101		0000100001		190
000000101		0011101000		658
000000101		0011110000		630
000000101		1000010110		424
000000101		1100001111		222
000000101		1101110100		647
000000101		1110001010		657
000000101		1110010111		642
000000101		1110101001		210
000000110		0000000010		667
000000110		0001101001		191
000000110		0101001110		200
000000110		0110110000		632
000000110		0111010110		418
000000110		1001011010		231
000000110		1101101101		208
000000111		0000001001		217
000000111		0001100000		209
000000111		0101111101		450
000000111		0110100000		438
000000111		1001100101		195
000000111		1010101110		639
000000111		1100101101		636
000000111		1110011000		225
000000111		1111010011		216
000001000		1100001000		671
000001000		1111010010		459
000001001		0001111010		631
000001001		0111000100		425
000001001		1000110101		414
000001001		1011010110		672
000001010		1110101111		645
000001011		0001000101		674
000001011		0010010111		229
000001011		1001011110		230
000001011		1011011011		433
000001011		1100100100		413
000001100		0000100101		205
000001100		1000110011		212
000001100		1111100000		220
000001101		0000100110		449
000001101		0001011101		227
000001101		0010000010		654
000001101		0011000101		637
000001101		0011001001		189
000001101		0011001100		633
000001101		1000101011		660
000001101		1011001000		207
000001101		1011010000		649
000001110		0000101000		223
000001110		0011011000		442
000001110		1001100010		235
000001110		1110010101		659
000001110		1110010110		429
000001111		0001011001		417
000001111		0010110010		202
000001111		1010000101		427
000001111		1101001000		640
000001111		1110110000		445
111111000		0011110110		668
111111000		0011111010		201
111111000		1100110011		457
111111001		0001110001		237
111111001		0011000011		412
111111001		0011101101		203
111111001		0011101110		663
111111001		0101000001		238
111111001		1100101000		213
111111001		1101001011		646
111111001		1101100111		431
111111001		1111010111		436
111111010		0101011001		444
111111010		1001101000		193
111111010		1110010111		228
111111010		1110111011		448
111111011		0010101010		635
111111011		0010111010		226
111111011		1010110010		629
111111011		1011111001		644
111111011		1110111111		656
111111011		1111010011		206
111111100		0100100000		638
111111100		0110001010		666
111111100		1101101110		648
111111101		0100001100		198
111111101		0101000110		437
111111101		0111000011		426
111111101		1000011011		675
111111101		1010100000		443
111111101		1101001000		454
111111101		1101001100		194
111111110		0001010100		655
111111110		0011110000		664
111111110		0100011100		661
111111110		0101010011		641
111111110		0101011011		441
111111110		0110001001		434
111111110		0110111110		678
111111110		1110011010		204
111111110		1111110001		428
111111111		0000000110		435
111111111		1011100011		224
111111111		1100111001		453
