第三轮执行后，进程三对应的page table:
一级页表：		  二级页表：		  frame：	
000000000		0001101100		110
000000000		0001101111		347
000000000		0001111110		100
000000000		0001111111		354
000000000		0011110101		131
000000000		0100100101		340
000000000		0101000000		530
000000000		0101000100		132
000000000		0101001010		104
000000000		0101010110		540
000000000		0110001010		332
000000000		0110010000		337
000000000		0110100000		98
000000000		1000010000		552
000000000		1010100111		327
000000000		1010101000		357
000000000		1011010011		89
000000000		1011011001		547
000000000		1011011011		314
000000000		1011100110		534
000000000		1011110111		551
000000000		1100110010		318
000000000		1101001111		113
000000001		0001000100		343
000000001		0001011101		350
000000001		0001110111		320
000000001		0010111011		571
000000001		0011110110		102
000000001		0100011111		118
000000001		0100101011		135
000000001		0101110011		359
000000001		0101111010		532
000000001		0110110100		536
000000001		0111100000		578
000000001		1000000001		567
000000001		1001101111		133
000000001		1001111000		124
000000001		1010010110		574
000000001		1100011111		556
000000001		1100110011		329
000000001		1100111111		328
000000001		1101011111		349
000000001		1111010011		341
000000001		1111010101		125
000000001		1111011011		116
000000001		1111110111		330
000000010		0000001111		108
000000010		0001010001		106
000000010		0001011010		529
000000010		0001101111		112
000000010		0010101011		565
000000010		0011100111		557
000000010		0011110001		559
000000010		0011111111		560
000000010		0100110110		546
000000010		0101110100		345
000000010		0111001010		573
000000010		1000000101		358
000000010		1001000111		137
000000010		1001010110		538
000000010		1001100101		126
000000010		1010110100		109
000000010		1110100100		91
000000010		1111110111		338
000000011		0001000000		555
000000011		0010010011		344
000000011		0011010011		539
000000011		0011101010		352
000000011		0101010110		127
000000011		0101011110		576
000000011		0110001111		543
000000011		0110010110		564
000000011		0111110111		119
000000011		1000110001		319
000000011		1001000100		542
000000011		1001101100		316
000000011		1011000111		107
000000011		1011100001		550
000000011		1011100100		545
000000011		1011110011		533
000000011		1011110110		315
000000011		1011110111		130
000000011		1100110001		348
000000011		1110011110		322
000000011		1110101100		531
000000011		1111000010		572
111111100		0000101110		317
111111100		0001011101		577
111111100		0010101111		535
111111100		1001011011		136
111111100		1101100001		554
111111100		1101100100		313
111111100		1110100110		561
111111100		1110110001		361
111111100		1111110111		115
111111100		1111111001		544
111111101		0001000011		569
111111101		0001001010		323
111111101		0001011001		117
111111101		0010010000		568
111111101		0010100011		558
111111101		0011001111		321
111111101		0011111110		549
111111101		0100000110		563
111111101		0100110001		335
111111101		0110100001		562
111111101		0111100000		120
111111101		1010100000		101
111111101		1010101010		94
111111101		1011100101		93
111111101		1101011111		92
111111101		1101101110		548
111111110		0001000101		553
111111110		0011001000		326
111111110		0100011100		325
111111110		0100100100		138
111111110		0100111010		575
111111110		1000101100		123
111111110		1001110000		105
111111110		1010110010		129
111111110		1011010001		342
111111110		1110011010		331
111111110		1110111011		566
111111110		1110111101		351
111111111		0000110000		95
111111111		0001101101		114
111111111		0001110010		111
111111111		0010001100		360
111111111		0010010000		324
111111111		0011011101		134
111111111		0011100101		121
111111111		0101001110		537
111111111		0101010001		333
111111111		0101111110		541
111111111		0110000010		99
111111111		0110000110		96
111111111		0110110100		103
111111111		1000000101		570
111111111		1000010110		339
111111111		1000110001		90
111111111		1000111011		336
111111111		1001011011		128
111111111		1001100101		122
111111111		1001100110		346
111111111		1011000101		97
111111111		1011011011		353
111111111		1101000110		334
111111111		1101111110		356
111111111		1111000011		355
