第三轮执行后，进程一对应的page table:
一级页表：		  二级页表：		  frame：	
000000000		0000000001		256
000000000		0000000010		14
000000000		0000000011		27
000000000		0000000100		249
000000000		0000000101		463
000000000		0000000110		24
000000000		0000000111		253
000000000		0000001000		28
000000000		0000001010		250
000000000		0000001011		257
000000000		0000001100		263
000000000		0000001101		466
000000000		0000010000		13
000000000		0000010001		4
000000000		0000010010		20
000000000		0000010011		15
000000000		0000010100		252
000000000		0000010101		38
000000000		0000010110		471
000000000		0000011000		477
000000000		0000011001		476
000000000		0000011011		16
000000000		0000011100		248
000000000		0000011101		36
000000000		0000011111		479
000000000		0000100000		11
000000000		0000100001		34
000000000		0000100101		462
000000000		0000100110		1
000000000		0000100111		255
000000000		0000101000		21
000000000		0000101011		240
000000000		0000101100		29
000000000		0000101101		246
000000000		0000101110		262
000000000		0000110000		464
000000000		0000110011		247
000000000		0000110100		461
000000000		0000110111		254
000000000		0000111010		12
000000000		0000111101		10
111111111		1111000000		243
111111111		1111000001		244
111111111		1111000010		239
111111111		1111000011		32
111111111		1111000100		19
111111111		1111000111		6
111111111		1111001000		259
111111111		1111001001		26
111111111		1111001011		25
111111111		1111001100		22
111111111		1111001110		9
111111111		1111010000		480
111111111		1111010011		17
111111111		1111010101		18
111111111		1111010111		37
111111111		1111011000		3
111111111		1111011001		242
111111111		1111011010		475
111111111		1111011101		7
111111111		1111100001		467
111111111		1111100010		474
111111111		1111100011		481
111111111		1111100100		245
111111111		1111100101		8
111111111		1111100110		473
111111111		1111100111		478
111111111		1111101000		23
111111111		1111101001		472
111111111		1111101010		260
111111111		1111101011		251
111111111		1111101100		468
111111111		1111101101		31
111111111		1111101110		460
111111111		1111101111		261
111111111		1111110011		5
111111111		1111110100		2
111111111		1111110101		35
111111111		1111110110		470
111111111		1111111000		30
111111111		1111111001		469
111111111		1111111011		258
111111111		1111111100		241
111111111		1111111101		33
111111111		1111111110		465
