第三轮执行后，进程四对应的page table:
一级页表：		  二级页表：		  frame：	
000000000		0001111100		619
000000000		0010100111		186
000000000		0110000101		604
000000000		1001011000		397
000000000		1001111101		373
000000001		0000001001		165
000000001		0010001010		150
000000001		0010011000		408
000000001		0011010000		383
000000001		0100110101		163
000000001		0111001011		380
000000001		0111110010		602
000000001		1001010110		153
000000001		1010110110		400
000000001		1110000000		161
000000001		1111111011		612
000000001		1111111110		388
000000001		1111111111		389
000000010		0000100100		369
000000010		0001101000		628
000000010		0001111000		371
000000010		0010110101		580
000000010		0010111101		623
000000010		0011110011		139
000000010		0100000100		617
000000010		0100111111		606
000000010		0101011110		596
000000010		0110111111		592
000000010		1000010100		591
000000010		1011110010		368
000000010		1111010101		152
000000011		0000111100		170
000000011		0001100001		365
000000011		0001101011		613
000000011		0011001110		140
000000011		0101000001		174
000000011		0101010011		611
000000011		0111000000		616
000000011		1011000000		147
000000011		1011000010		157
000000011		1111010010		595
000000011		1111100110		582
000000100		0001010100		156
000000100		0011010111		142
000000100		0100011010		172
000000100		0100100110		385
000000100		0101001111		399
000000100		0101010010		169
000000100		0101100001		597
000000100		1011101011		382
000000100		1100111110		143
000000100		1110100110		407
000000100		1110111011		176
000000100		1111111010		175
000000101		0111010100		171
000000101		0111101111		609
000000101		1010111100		375
000000101		1110101110		586
000000110		0000001000		381
000000110		0001010100		377
000000110		0001110100		146
000000110		0011111110		378
000000110		0110011011		605
000000110		0110101100		590
000000110		1000010101		167
000000110		1001110101		145
000000110		1011010111		394
000000110		1101110111		367
000000110		1110001000		370
000000110		1110100000		594
000000111		0000010100		618
000000111		0110001000		625
000000111		0110011011		148
000000111		0111101110		386
000000111		0111111101		164
000000111		1001110010		410
000000111		1001111011		593
000000111		1100111110		393
000000111		1110101111		608
000000111		1110110010		409
000000111		1111111011		166
111111000		0001110001		589
111111000		0011011001		599
111111000		0011110101		627
111111000		0100110000		621
111111000		0110111000		188
111111000		1110010000		581
111111000		1111010100		376
111111000		1111011101		181
111111001		0010100101		404
111111001		0010101100		391
111111001		0010110101		151
111111001		0101111101		584
111111001		0110110100		372
111111001		0111000000		158
111111001		1001110111		401
111111001		1011101100		603
111111001		1101111111		379
111111001		1110000011		390
111111001		1110001100		366
111111001		1111011110		384
111111010		0000000000		620
111111010		0001000111		402
111111010		0001100001		583
111111010		0010100101		364
111111010		0100101010		159
111111010		0101101110		363
111111010		0110010100		403
111111010		0110101111		405
111111010		1000111001		182
111111010		1001110110		183
111111010		1011111100		411
111111010		1110011001		154
111111010		1110011010		610
111111011		0000110110		615
111111011		0001001111		398
111111011		0100010001		598
111111011		0100011001		179
111111011		1010101101		149
111111011		1100110100		177
111111011		1101011100		601
111111011		1111111101		362
111111100		0001100010		144
111111100		0011101000		579
111111100		0011111001		141
111111100		1010100101		392
111111100		1011011001		178
111111100		1111010101		406
111111101		0011000100		395
111111101		0101101100		626
111111101		1000011100		624
111111101		1010000001		585
111111101		1011001000		160
111111101		1100010111		607
111111101		1101110000		162
111111110		0001111000		168
111111110		0010100111		185
111111110		0110011010		587
111111110		0110110001		155
111111110		0111000001		374
111111110		0111001100		180
111111110		0111111000		396
111111110		1001101111		387
111111110		1011110101		184
111111110		1111010001		588
111111111		0101011000		600
111111111		0110101010		187
111111111		0111110000		614
111111111		1101100110		622
111111111		1101101111		173
